Open,High,Low,Close,Volume,Dividends,Stock Splits
0.36391319384829424,0.35711687097855727,0.3641799257099357,0.35641506739612705,0.16499772708545518,0.0,0.0
0.35823186986013267,0.34959309541920613,0.36171643016887783,0.36824588056428775,0.18731546593029516,0.0,0.0
0.3708119835354754,0.3539489815602569,0.3617164367121237,0.3637583368782844,0.18271985328076426,0.0,0.0
0.34808664839947817,0.3404853576253912,0.3489883764256026,0.3421365095976251,0.2208747221635282,0.0,0.0
0.3411878266690174,0.32781366770618175,0.3362602169096675,0.3286738073573475,0.20453693030215678,0.0,0.0
0.32820187672948226,0.32424970294173444,0.335849566126943,0.3388727314533912,0.20129146994888064,0.0,0.0
0.34362277923701334,0.3345455752676613,0.3469354671463357,0.34050472729890935,0.1867536201690063,0.0,0.0
0.3472750567981541,0.34048537645846894,0.35720004908849895,0.35886288320873566,0.15762391680894064,0.0,0.0
0.35255042763632566,0.3456331120261556,0.3608951659638919,0.36335028453020424,0.12486490217969688,0.0,0.0
0.3687828051533206,0.3571167568314517,0.36951742461512566,0.3625343221985789,0.12081920022243149,0.0,0.0
0.3655363870873688,0.35474087188857517,0.3740339011010922,0.37273338865915745,0.1542369924695443,0.0,0.0
0.36513057701437296,0.3507810044155072,0.37115980809077953,0.36539011917700026,0.10986933772874873,0.0,0.0
0.3647248985283964,0.34800920362165966,0.36048472313810426,0.3560071574125818,0.16814465150887437,0.0,0.0
0.3541736636782323,0.34127721705449415,0.3576104823046978,0.3531512892518931,0.1494427038870228,0.0,0.0
0.3639132144617366,0.3745404100290533,0.3740339822035603,0.37803693026791996,0.4818668204794709,0.0,0.0
0.37730485655325596,0.36186869772881836,0.3670539777670222,0.3604945943251841,0.2320637825365497,0.0,0.0
0.36269569576850175,0.3503849862448076,0.3641798598901912,0.3662060103263581,0.23305712400928186,0.0,0.0
0.3590433894965763,0.3448410946967702,0.3596633950463567,0.3531512892518931,0.179471986817573,0.0,0.0
0.3533621255803257,0.34127728813696695,0.3563787999492914,0.3580468496948429,0.2069400421279292,0.0,0.0
0.3545795905059135,0.34088132037478036,0.35678942866631125,0.3498877246544615,0.1308337352268909,0.0,0.0
0.3367238704323543,0.32068579861754176,0.3272273239191796,0.32173844785873545,0.23647265432211334,0.0,0.0
0.3213031050287438,0.31237003294344,0.3161415270956365,0.31031558026525374,0.25299241301984265,0.0,0.0
0.3099404250781519,0.3008863286129914,0.3079298360107376,0.30990763469057475,0.23508912202481402,0.0,0.0
0.31318703261292613,0.2977185507704037,0.3108040718733846,0.30786797799944743,0.10227538749111195,0.0,0.0
0.32049156345313945,0.3060342823898824,0.31983685758566893,0.3164350486145078,0.21312977898066296,0.0,0.0
0.3156217934012395,0.3123700578528871,0.32394264052362426,0.33030562524719703,0.15207071060541638,0.0,0.0
0.335100609929348,0.3202897905955077,0.33502837310578354,0.3372408779724079,0.14614956054598452,0.0,0.0
0.33591238338148416,0.3290017099855413,0.343240220658698,0.3462161433000834,0.14641894937592478,0.0,0.0
0.3464633118327425,0.3301895461579506,0.34365064895382563,0.3433602751393946,0.28989010856807146,0.0,0.0
0.3594492933818866,0.3436532372979175,0.3514518230955393,0.34866385233929076,0.4445312511189127,0.0,0.0
0.3468692464100094,0.33454556811143904,0.34939896923129615,0.34499227098491275,0.18446575336972348,0.0,0.0
0.3444343850887565,0.32820971931161236,0.34077669026680607,0.3421365095976251,0.1649921701173179,0.0,0.0
0.3351007174360224,0.3202898957941054,0.33256497042812033,0.3245942448371567,0.2036468987868909,0.0,0.0
0.3261729542505556,0.3175180031518775,0.3284591591963862,0.3315296043357688,0.19145811884025118,0.0,0.0
0.32211469685284033,0.3250416497023218,0.3288696139782875,0.34254434839890296,0.20932883187087362,0.0,0.0
0.344434334282554,0.33058557816744255,0.3374919728889326,0.3319374787281803,0.17852315837827043,0.0,0.0
0.33834720872007357,0.32979364140198314,0.345703658634581,0.34132058285713357,0.18448641536121677,0.0,0.0
0.3411878932064028,0.3349415222605092,0.34324021377328723,0.3507036869860868,0.17859864530282943,0.0,0.0
0.35214469393200165,0.34484116634638656,0.35719995865872384,0.3580468496948429,0.18924335195172273,0.0,0.0
0.360666665716943,0.34682111987696856,0.36130580001116647,0.3572309229543513,0.1734372149010387,0.0,0.0
0.3521446984073981,0.34127729255894174,0.35514705004525504,0.35029563463800667,0.1277567407598934,0.0,0.0
0.35052146367328463,0.33810940126004047,0.35145180498091005,0.3494797434886488,0.09368015179880108,0.0,0.0
0.3444343334236912,0.3412773066904326,0.35104123797466674,0.35559914065563547,0.15907340707169068,0.0,0.0
0.3606665589288721,0.3590966480934824,0.37033853538550093,0.3776287711464386,0.18522864298169722,0.0,0.0
0.3740585269212739,0.3610768699482461,0.3785504734039705,0.37150965870852165,0.20453215627454743,0.0,0.0
0.37203682338812766,0.3551441803666869,0.3736073783228685,0.3711005742175638,0.15312286809829567,0.8009999999999999,0.0
0.3659339143005952,0.356335297023232,0.37401909882375783,0.373554760843108,0.10278319125986302,0.0,0.0
0.36593368561384937,0.3603052514310787,0.37648878669103986,0.37396356060499614,0.11868866627704235,0.0,0.0
0.3728504765608231,0.361099417547301,0.3818403609577849,0.3768267961303647,0.09476807630652961,0.0,0.0
0.3651198775090701,0.35077674510645157,0.36537410222499084,0.364146992058488,0.18935063390015996,0.0,0.0
0.3521003784329092,0.336484226240724,0.34232175373652646,0.33592475343863953,0.24501146100808174,0.0,0.0
0.33094323858987595,0.3273526635777147,0.3361468842003499,0.33878777541720567,0.13385510272418427,0.0,0.0
0.33419816083575254,0.32298542185480894,0.34067502625436435,0.33510658445672364,0.10179382177810185,0.0,0.0
0.329722790672756,0.31901538784975475,0.33738196285194383,0.3334706379953628,0.09497866821243316,0.0,0.0
0.3358257268839991,0.3333080594819664,0.3452033217219103,0.34778635293746657,0.1604108604545046,0.0,0.0
0.34681102008938863,0.3341020221025361,0.34890813154599587,0.3469682195466844,0.13411018856740692,0.0,0.0
0.3419287384192834,0.3285438303583038,0.33738194895791457,0.33592475343863953,0.18901845705910159,0.0,0.0
0.3289089548868057,0.31504509430899935,0.33532359383665156,0.33224349129589015,0.11293997319097056,0.0,0.0
0.3341982396892316,0.3190153180063605,0.3312070957229592,0.3240630827575452,0.11592796068721938,0.0,0.0
0.31426182638384054,0.3035315780221132,0.31926918683058153,0.31138345664133704,0.159688492788879,0.0,0.0
0.3065312891542371,0.29797320861619525,0.3135059900934699,0.3134284875936559,0.1296385287707251,0.0,0.0
0.31426182100601513,0.3039285719839483,0.31721092694379244,0.30933835450675085,0.15081193319760453,0.0,0.0
0.31304120271710995,0.30591367544389625,0.3155643174984292,0.3220179806229589,0.17320676304028026,0.0,0.0
0.31914423446476187,0.3098838924372742,0.32667895339670994,0.31915488746212534,0.15326908701591477,0.0,0.0
0.3150755838390049,0.3059137347849396,0.32091584549633784,0.3179278475360538,0.14691086518079194,0.0,0.0
0.3236197429039665,0.31306003283009287,0.329972155634836,0.3301984247524376,0.17178824666865963,0.0,0.0
0.32931587760612047,0.3249706253973388,0.3357353034839602,0.34287808645977935,0.2287889141732,0.0,0.0
0.34803164951394344,0.3341020517987326,0.3505547520347066,0.34492315300323184,0.1113347159553827,0.0,0.0
0.33908061547966534,0.3297348447879102,0.34561492071489563,0.34410512638585083,0.12829792452968905,0.0,0.0
0.3447767369282186,0.3404543631151823,0.3538479737441053,0.3526945482328863,0.18241389539933642,0.0,0.0
0.35820336451849905,0.3448216425174997,0.3649626751459592,0.359238939127603,0.18125525799465822,0.0,0.0
0.35657590172615145,0.3460126853376912,0.3633160332271261,0.3567848236843263,0.10350634186601652,0.0,0.0
0.36308578196020785,0.35474718102048153,0.37154912342508106,0.3711005742175638,0.17484060715319288,0.0,0.0
0.3663406572354716,0.3547471356792724,0.37154907746738597,0.3698734631092248,0.14569499673313288,0.0,0.0
0.3638994369813411,0.35037987006517335,0.37154905584171827,0.3674193120748144,0.1299222396834934,0.0,0.0
0.3614581537685181,0.3468066360073955,0.364139215934756,0.36046587228027344,0.20629316138686263,0.0,0.0
0.3606445448403902,0.34482162437191144,0.3620810738558291,0.3567848236843263,0.1596543107511961,0.0,0.0
0.3577964325238049,0.34879177002951395,0.3637276285184361,0.36537417434909436,0.1275437618401852,0.0,0.0
0.363085743626696,0.3479978079559135,0.3575529003858533,0.3567848236843263,0.24717298794071074,0.0,0.0
0.3541347002381163,0.36109944429088237,0.3645509898649088,0.37846292054739405,0.33040357624317823,0.0,0.0
0.3724436125298842,0.37737718815598403,0.3777237999589356,0.38009893819102236,0.2957429136482479,0.0,0.0
0.38831137037826585,0.3809503703620446,0.39789477882289015,0.39891390630212287,0.22440070437912957,0.0,0.0
0.39482129379571285,0.37737726804530625,0.3974831966465057,0.3935966976980126,0.19155984382055116,0.0,0.0
0.39238007765649763,0.380950434169146,0.3913084150957718,0.39973200410177123,0.21852565233029356,0.0,0.0
0.39522793790045774,0.37896513186714986,0.4003645464033125,0.3940054974599008,0.12587017872145237,0.0,0.0
0.3960417779799603,0.3809503381151066,0.396659786991218,0.39523267975050724,0.1499052116818164,0.0,0.0
0.398076107675476,0.3869056188030097,0.40736276404791766,0.4001409462281944,0.1618992876864365,0.0,0.0
0.3940075203275278,0.378965309674487,0.3913083816358924,0.38746135570312007,0.22629362542234627,0.0,0.0
0.3911594273476857,0.3801563536985312,0.39995304698366235,0.39645979085884603,0.21770791868914366,0.0,0.0
0.3948212217809029,0.389684805712534,0.4032462573409539,0.40586723932326263,0.20252242432378523,0.0,0.0
0.40946837049306123,0.39365497731992344,0.4053045016026214,0.39891390630212287,0.3087184151526872,0.0,0.0
0.41272332220972224,0.41588810263935844,0.423828889035673,0.4271363584687736,0.5574581625703441,0.0,0.0
0.43062539145021844,0.4143000313117596,0.43329688827795193,0.42877241170353564,0.16468145730439113,0.0,0.0
0.42533621009324657,0.41985836575753815,0.43165032594811775,0.439816055767249,0.26064199022718354,0.0,0.0
0.44567935534301234,0.4285926276205418,0.45264443483115385,0.44676921083272036,0.2519593325412903,0.0,0.0
0.4489343735564901,0.4301808147312524,0.44235325879951065,0.43695285583301435,0.19210181053087472,0.0,0.0
0.43835588875474946,0.42224041895692893,0.4308269933490952,0.43695285583301435,0.3046242281710213,0.0,0.0
0.4338803849096456,0.41827025292274417,0.43453188766060996,0.43736190473283865,0.12662590729201206,0.0,0.0
0.42492930079261376,0.408741785792926,0.4230056109622076,0.41813792331304755,0.20961651477461288,0.0,0.0
0.4176057408157901,0.4111238801901544,0.42671049307991743,0.4295905095031841,0.22521444693319806,0.0,0.0
0.42940484823985886,0.4131090253795539,0.42506389233570646,0.42263717648204435,0.1769536681575318,0.0,0.0
0.4212674331403448,0.40477147245885575,0.4250637641123152,0.42018291867423274,0.12798402266631922,0.0,0.0
0.42655674334469645,0.41271193445050763,0.43329688300503105,0.42672730956894944,0.14229695845746201,0.0,0.0
0.4196400114918691,0.4075506785877711,0.426298778035095,0.42631829626025886,0.15098120112052155,0.0,0.0
0.4176056766777389,0.4039774828004143,0.42012396840464145,0.4193649276479854,0.1701615445010506,0.0,0.0
0.4216743465762322,0.40358047866323327,0.4242405371806615,0.4173198255133991,0.10674784932443211,0.0,0.0
0.41475767164570804,0.41985834473157707,0.4230056218559001,0.43736190473283865,0.29117430289887547,0.0,0.0
0.436728324500312,0.4222403327649939,0.4382366623453055,0.4336806069989554,0.12909736409703992,0.0,0.0
0.43510085661915804,0.42065228107816904,0.44399980263198685,0.4414520022286099,0.11989420372895478,0.0,0.0
0.43794714438503207,0.42184700742891695,0.4398599493680812,0.4385824314814397,0.15004826064510288,0.8009999999999999,0.0
0.44487968978546005,0.436570184564219,0.4559510002032063,0.45744025131753696,0.20185490068733583,0.0,0.0
0.4575209714573119,0.45487437244382173,0.4629647502714758,0.4738379763998929,0.2345479382550184,0.0,0.0
0.46690030816282674,0.4512932730503722,0.47204186358246264,0.4721983996428927,0.15913061901856113,0.0,0.0
0.47301705706848624,0.4584557621759349,0.4675033316791341,0.46358933149004466,0.21673046518029543,0.0,0.0
0.4685314225022032,0.4500994181446368,0.4654403869123283,0.46891874785302035,0.17577117971091732,0.0,0.0
0.45752099371590543,0.4497014312359601,0.4662654977832614,0.4660489635590478,0.15302670008613298,0.0,0.0
0.4575211125738429,0.44054932299951305,0.4547131748716143,0.45293071231089566,0.19967668375418454,0.0,0.0
0.45670540126729137,0.43935551378880316,0.4576011611908802,0.4492410506605887,0.12566436084315818,0.0,0.0
0.4375393191313794,0.41985738479124507,0.4357340677861951,0.4340729636570658,0.24093001113207757,0.0,0.0
0.42938348170846213,0.41587808401834253,0.4373843252171124,0.4303833375978926,0.1065602873277161,0.0,0.0
0.4387627169756794,0.4341825373533222,0.4497620631691592,0.44842124448652176,0.20517267801083836,0.0,0.0
0.4416172608586674,0.4302033390165551,0.4452236063971082,0.44842124448652176,0.12183797771426623,0.0,0.0
0.4432484294385071,0.4270200017162075,0.4460487674636335,0.44473165401848225,0.11786697974103193,0.0,0.0
0.43427701753526254,0.41906153068452007,0.4398599364666758,0.4381724572121388,0.1633845449640358,0.0,0.0
0.4363159959262786,0.42423456284748645,0.4476991233350312,0.44555160255708415,0.09647662440347331,0.0,0.0
0.435500331467983,0.41985733932822805,0.4439857692573527,0.43981221192480746,0.023421895046440305,0.0,0.0
0.4330536576748382,0.4258262359070288,0.4415103107248141,0.44473165401848225,0.15284471415366466,0.0,0.0
0.43468481875474213,0.42343866136282143,0.44357322810476824,0.4381724572121388,0.11067752331467993,0.0,0.0
0.4444717466377401,0.4349783446136169,0.45430046132986407,0.45621022173623316,0.15067684731237044,0.0,0.0
0.4636378980711912,0.4556703078534437,0.46956620600426663,0.4775276024590661,0.3240239094760342,0.0,0.0
0.46853158332794026,0.4616392731998839,0.47823075489444017,0.4832671354558775,0.17843415140752178,0.0,0.0
0.4779105569513938,0.46402664159078816,0.4881327015175074,0.48367689617837617,0.12487284616163884,0.0,0.0
0.4872895493998884,0.4715869952765766,0.48689479398321783,0.4799871989369354,0.23489203106898976,0.0,0.0
0.47627933529344696,0.4656182908495236,0.48359413009968516,0.47957733144103576,0.19471948625352167,0.0,0.0
0.47831818312332336,0.4616389699216991,0.48400663511829706,0.4799871989369354,0.08936981594309436,0.0,0.0
0.476279356270291,0.46283281613439403,0.4844193488790481,0.48408676367427594,0.08351145389478062,0.0,0.0
0.48606628857518425,0.47158710382828034,0.49432142127438655,0.48859626708978343,0.1124607753956547,0.0,0.0
0.48525070339879345,0.46601619255308063,0.48689485624326573,0.4820370346923063,0.10719128010489874,0.0,0.0
0.47464830655940254,0.4596496354774779,0.48029364652834333,0.4721983996428927,0.11203800660668133,0.0,0.0
0.475463721992429,0.4699953786972752,0.4852444489727285,0.492695689462589,0.18956838684747754,0.0,0.0
0.49095972499941626,0.4755663172921331,0.5000976254774265,0.496795183017662,0.14978282471002316,0.0,0.0
0.49503764541162315,0.482728885848595,0.49968509734289474,0.5054041799882426,0.15088663718163559,0.0,0.0
0.5044168482177405,0.4910852476576438,0.5149507658117478,0.5103235864907836,0.15232976843961002,0.0,0.0
0.5109412759003992,0.5014309793239065,0.5211393859314386,0.5205721246272306,0.15644142836232613,0.0,0.0
0.5207284781149848,0.516552264252345,0.5326920608875345,0.5287713252841789,0.21450219734168774,0.0,0.0
0.521951657742106,0.5034207156863835,0.5252653506298408,0.5242617862775376,0.08590900875241578,0.0,0.0
0.5243982777602874,0.5062060279984204,0.5331044414129025,0.525081521269337,0.08321107207760048,0.0,0.0
0.5264375413157822,0.5070021766966408,0.5293914406427447,0.5201624706781331,0.1144093234085755,0.0,0.0
0.5186895639144089,0.5022271327325201,0.5273284989565805,0.5234420512857381,0.09185080170723046,0.0,0.0
0.5199127265878164,0.511379088517762,0.5302163827038995,0.5308209474927473,0.09317236712616046,0.0,0.0
0.5451958900150617,0.5392338016700591,0.5562095603318364,0.5476290739380087,0.31100230996099903,0.0,0.0
0.5708865536577855,0.5547526248361416,0.5739507512681783,0.5771453705887203,0.579732190418393,0.0,0.0
0.5664008822760833,0.554752669426658,0.5698249383268157,0.5787851964836566,0.3628033930350947,0.0,0.0
0.5818969198872999,0.5599256759311533,0.5747759730185418,0.5705862093735105,0.2787431551185644,0.0,0.0
0.5708867201200295,0.5499777874186194,0.569412492133105,0.5730460549893158,0.26763118574337863,0.0,0.0
0.5814894561785448,0.5595280728181315,0.5817902923529734,0.575915910465556,0.45048736615655544,0.0,0.0
0.5639540828471669,0.5495796491010487,0.5694123154920716,0.5693563221567415,0.5546449999651496,0.0,0.0
0.5684396909163955,0.5479878766319406,0.5702373400368312,0.5656666605064345,0.3139330855103774,0.0,0.0
0.557837099189153,0.538437668303116,0.550433102879178,0.545579095818103,0.5280455503341486,0.0,0.0
0.5439725099885259,0.5340608284949906,0.5549718531329466,0.5545982450136532,0.30506129994671227,0.0,0.0
0.5602840330223189,0.5448045852892522,0.570237447052276,0.5668966189054709,0.2508364621514613,0.0,0.0
0.5672163886261412,0.5463962774540674,0.566524117208425,0.5582876219348903,0.2655809127501578,0.0,0.0
0.5488660055004108,0.5316733062888663,0.5487830427729674,0.5550081836918204,0.29890811304935566,0.0,0.0
0.5553905483846042,0.5392337209293308,0.5557969126585132,0.5472190640775741,0.2013105469632076,0.0,0.0
0.5472346263380095,0.5523649879998433,0.5578597816328466,0.5734557089384131,0.31000816645162854,0.0,0.0
0.5659929487319589,0.5456003454521314,0.5677618126797248,0.5656666605064345,0.24088868714909106,0.0,0.0
0.5664007239490055,0.5563442421484819,0.5784891262253773,0.5804248800140578,0.21181300668545275,0.0,0.0
0.5774113373333334,0.5563445093004449,0.5776642001009475,0.5750958195624192,0.13157040587923408,0.0,0.0
0.5749646199800295,0.5531611372389782,0.5652866489737072,0.5611575485933978,0.20441534536700193,0.0,0.0
0.5598762028302038,0.5539568140663689,0.5727129782422056,0.5791951351618236,0.20804702455387425,0.0,0.0
0.5794501118694908,0.5857904308976272,0.5916919706117145,0.609941319029304,0.4223080762129586,0.0,0.0
0.6030961782301193,0.58698968979327,0.610655213823956,0.6066559726580368,0.1875292277905313,0.8009999999999999,0.0
0.601870684361051,0.5822064050890019,0.6011492043296702,0.6066559726580368,0.18024998145290272,0.0,0.0
0.6084066870675257,0.5877869913511522,0.6081754475591192,0.603781419152146,0.1243920824852671,0.0,0.0
0.607998222013129,0.590975922490083,0.6193346627394711,0.6111733417140961,0.18688872515035082,0.0,0.0
0.6112662522143242,0.5913745378875015,0.6160282346805368,0.6144586169030961,0.13873123723604042,0.0,0.0
0.6030961907338389,0.5849966825985646,0.6098285968674417,0.6046027201538291,0.1781591865133338,0.0,0.0
0.5945178855503843,0.5806120119224818,0.6073488621437115,0.602960118150463,0.1507292852316315,0.0,0.0
0.5998282928400902,0.5893814184223074,0.6065222527530978,0.6132265942183038,0.1525991763656607,0.0,0.0
0.6108576620622034,0.5993466948902537,0.6226410252611436,0.6222611187836202,0.16349738388061033,0.0,0.0
0.616168228333273,0.5973537236498574,0.622227792639447,0.6144586169030961,0.13808993255922156,0.0,0.0
0.6178021493687904,0.597752266556175,0.6251208482740669,0.6222611187836202,0.13715063307902722,0.0,0.0
0.6169852593556853,0.5973538003390506,0.6230544349698375,0.6193866364599968,0.11367742678384167,0.0,0.0
0.6178020534094204,0.5953604987253573,0.6131349861284698,0.6095305973461951,0.16085665915266545,0.0,0.0
0.5937007917095976,0.5782202624927488,0.5858570736611195,0.5791417484612461,0.34632337334318564,0.0,0.0
0.5691907152020436,0.557492244207286,0.5647783192363085,0.5750348875414937,0.29262698221206856,0.0,0.0
0.5646973501351187,0.5634714970544543,0.5767642811226998,0.5795522565975528,0.20509877606344565,0.0,0.0
0.5879818989714285,0.5678564820201648,0.5870970847200438,0.5848910690198301,0.12928649197481182,0.0,0.0
0.5867564050632548,0.5694509107190007,0.5941232071881952,0.5918723410809388,0.15166382978032691,0.0,0.0
0.5916584706453611,0.5698496524248648,0.5751113368267691,0.5664114405706233,0.21604069457518646,0.0,0.0
0.5614295860605749,0.5495202839711075,0.5718048134309455,0.5643579745196132,0.13950208992606652,0.0,0.0
0.5687824080404995,0.5630730064568306,0.5813106802945909,0.5828376741510876,0.13123106799676165,0.0,0.0
0.5851225975514072,0.5642691298969977,0.5817242516420538,0.580784635193682,0.12698352015217307,0.0,0.0
0.577360891454632,0.5622758500283627,0.5697382215295066,0.5672325992077715,0.14881808921072623,0.0,0.0
0.5634723403034924,0.5543039382220345,0.5689119503645239,0.5770887806861081,0.13504950714371167,0.0,0.0
0.5671483803785461,0.555499336382927,0.5751110654929499,0.5692857805297118,0.1401497345115506,0.0,0.0
0.5565276382228842,0.536366166436044,0.5581658142801249,0.5487528995762972,0.21918681696196732,0.0,0.0
0.5324263649455098,0.5375620712131572,0.5424603779324062,0.5581981458247226,0.16045774140562838,0.0,0.0
0.5516256304043171,0.538359154968036,0.5622987992327999,0.5618940003322965,0.12074212832070617,0.0,0.0
0.5320175627981762,0.5375617398324739,0.5428733312935117,0.5586085115964944,0.22040346835015429,0.0,0.0
0.5561191408331742,0.5363662093403401,0.5457667409774283,0.5430037213822482,0.23847205527712895,0.0,0.0
0.5516254276926577,0.5359672811958631,0.5560991045543642,0.5573765600939697,0.17319007303975797,0.0,0.0
0.5671484287100632,0.5455340972986438,0.5680849931752894,0.5614832786491876,0.1781846225324364,0.0,0.0
0.5691908485498406,0.5547020482529048,0.5771775629958753,0.5795522565975528,0.12750640984816966,0.0,0.0
0.5749100786210092,0.5543037531177717,0.5800709702001916,0.5754459651359397,0.08613468658556485,0.0,0.0
0.5704164827013363,0.5734369881968986,0.5821373497887807,0.5959788460893543,0.19041789641639525,0.0,0.0
0.6014621560070372,0.5798146802836304,0.6015625002351646,0.6025493252850864,0.1481712275657701,0.0,0.0
0.6014621289086164,0.5818076730592103,0.6098285048509053,0.6017279531011359,0.10242638043634039,0.0,0.0
0.5998282749602457,0.5893814006696005,0.6085887102498011,0.6078879953428289,0.13328292596714875,0.0,0.0
0.6129002634183016,0.5937662521910689,0.6189213806922127,0.6181546137752048,0.13011772656604098,0.0,0.0
0.6222955772864802,0.6021370170579889,0.6222277366929803,0.6243144424700954,0.16658868133432542,0.0,0.0
0.6153513219432213,0.6021371823012025,0.6284274630885642,0.6251359570185808,0.10932418196798212,0.0,0.0
0.6271975580153835,0.6041300415092001,0.624707564623538,0.6173332415912544,0.17690837218357433,0.0,0.0
0.6116747831132903,0.5977523687988493,0.625120952962922,0.621029238463363,0.0872202240794887,0.0,0.0
0.6165767277891063,0.6144939949681953,0.626360832621927,0.6411516112804709,0.22202381151298767,0.0,0.0
0.6443545806220177,0.6240607223852008,0.6532255715536388,0.6444369576517381,0.18964307173539816,0.0,0.0
0.6419035050315645,0.6236620452167787,0.642479561613122,0.6440261647863618,0.21068694724518078,0.0,0.0
0.6472139967634504,0.6308371066915068,0.6387599313557013,0.6358130124049961,0.21209669850211063,0.0,0.0
0.6378183317209087,0.6196757950631313,0.6346266619395806,0.6296528989810355,0.32623947840120104,0.0,0.0
0.5908413121174413,0.5762272277384317,0.5883368157433237,0.5857122988392458,0.6252441986732595,0.0,0.0
0.5892071587352642,0.5682548442695694,0.5821372079168277,0.5795522565975528,0.2994222758228824,0.0,0.0
0.5802202267536175,0.5618770690755774,0.5850303122504792,0.5795522565975528,0.21700224102404037,0.0,0.0
0.5773607964775088,0.5566951632808768,0.5846170638282719,0.5783203050950282,0.120427424420698,0.0,0.0
0.5683741653156095,0.5471287625310062,0.5614723926616616,0.5623048643799404,0.2592211059378687,0.0,0.0
0.5622462308264861,0.5515130613799768,0.5730444143274587,0.5750348875414937,0.16801670756894385,0.0,0.0
0.5843054336671122,0.564268923523469,0.5916433356597348,0.5832483958341965,0.18718832402700303,0.0,0.0
0.5773611388620806,0.5734372225247193,0.5891637072749738,0.5968004318201071,0.16818836250566555,0.0,0.0
0.5920668993765638,0.5714439710339267,0.5937099019838823,0.593514943084305,0.10292463614987277,0.0,0.0
0.5920669332088702,0.5746328612168492,0.5978429526816151,0.599264263642889,0.12450570434236959,0.0,0.0
0.5986027067285149,0.5802132858113371,0.5974294987719995,0.6054239499732449,0.12556899486763387,0.0,0.0
0.5981941240104401,0.5818076730592103,0.606522118486396,0.6017279531011359,0.12083827723675845,0.0,0.0
0.5969687364564223,0.5770244295877152,0.595776303996985,0.5980321697758294,0.1436415537855795,0.0,0.0
0.6055473954898839,0.5909760818588476,0.6152017430023138,0.607066907887948,0.19675068223241549,0.0,0.0
0.6014622815206745,0.6105078502108052,0.6131351108739107,0.6255464651548874,0.5754449035679842,0.0,0.0
0.6251551113430267,0.6029342044418173,0.6135483610915189,0.6173332415912544,0.3995643986248127,0.0,0.0
0.6022792639016367,0.5925703216535609,0.6007359603810893,0.598442820276671,0.31694253703475783,0.0,0.0
0.6063641794964164,0.5869896858715313,0.6065221936241441,0.60419199847072,0.1950468890669707,0.0,0.0
0.6010537774454787,0.5953605945138778,0.6098286303410956,0.6197972157785709,0.14221511252812735,0.0,0.0
0.6157597651922136,0.5969551457257207,0.6189214177497842,0.6193866364599968,0.1207309952883212,0.0,0.0
0.6120831269957778,0.5909758703027479,0.6077621241653239,0.6000854222800371,0.19357751975325532,0.0,0.0
0.5912403698831614,0.584616296568319,0.5986497269642694,0.6054333460325464,0.15326034099733446,0.8009999999999999,0.0
0.5994247577725696,0.5814218268636657,0.6007199161805441,0.6033765344149667,0.17272676320832603,0.0,0.0
0.5957419941541366,0.5850157938613771,0.6027902335346433,0.5959717278626108,0.1211187990990837,0.0,0.0
0.5879668639304493,0.5710398657783098,0.5796045181376084,0.5766367021056186,0.2815149937407724,0.0,0.0
0.5748718665760482,0.5622548951803261,0.5808465543589327,0.5865098961458726,0.11889051216436557,0.0,0.0
0.5867390021552505,0.5714389552458026,0.5907831211624299,0.5856869579520384,0.13712202710559201,0.0,0.0
0.5797823226367395,0.561056792377834,0.5783622006195301,0.5688201773184093,0.17624560347862384,0.0,0.0
0.5531831848961472,0.5370978843694529,0.5605588210555992,0.5573013916195567,0.16293951011029242,0.0,0.0
0.5580938760254502,0.5454835724064153,0.5622150036845792,0.5626494577366008,0.14376472369790066,0.0,0.0
0.5576848273161267,0.5482789028342525,0.5675976167162904,0.5717000694943578,0.10178427372288316,0.0,0.0
0.5634136969094102,0.5518725989974356,0.5717377778329962,0.573345447606154,0.12173546979343831,0.0,0.0
0.5736441329381681,0.5554664407059584,0.5841586897114612,0.5778707178938989,0.0704024514822735,0.0,0.0
0.5846929586104025,0.5666471789945731,0.587470909550833,0.5914463152103309,0.12704073209904349,0.0,0.0
0.5806009888101507,0.5602583453872072,0.5704958126532105,0.5618268042718364,0.14639591946673727,0.0,0.0
0.5617768424370005,0.5506746500798465,0.5688395035303211,0.5663519321950463,0.1356081638545575,0.0,0.0
0.5503188896587676,0.5374974481065324,0.5580748370531681,0.5548332888607287,0.12059191831600567,0.0,0.0
0.5515464615018313,0.5323062928370987,0.5489660640129093,0.5420802738267936,0.1101729085963719,0.0,0.0
0.5441805420432522,0.5347021248986834,0.5547625447260998,0.5453713859617232,0.149821761679205,0.0,0.0
0.5384514505209386,0.5231219512364049,0.5398572974413554,0.5338525290806032,0.14636253946569272,0.0,0.0
0.5339500293839644,0.5183301703682681,0.5406853825502524,0.5375549323567813,0.11187906967951093,0.0,0.0
0.5310855875881907,0.5175316444859785,0.5332328629475036,0.5285045341458267,0.13162841986274287,0.0,0.0
0.5257658441313598,0.5111426941697379,0.522468133722509,0.5210997275934705,0.13327975601281614,0.0,0.0
0.5229012097184619,0.5135383923555397,0.5348889095122984,0.5338525290806032,0.11694673817905411,0.0,0.0
0.5208552193777145,0.5043543098602077,0.5212260288423176,0.5153402991529105,0.1874068599148485,0.0,0.0
0.509806185407482,0.4987637972797903,0.5104610196407151,0.5083466413772679,0.1716579348110349,0.0,0.0
0.5077601371826922,0.48957953104856927,0.5092189211146712,0.5054669627481216,0.17043809437240487,0.0,0.0
0.5003942809689911,0.48758306530698775,0.5079768919700978,0.507935279053752,0.0757005718425751,0.0,0.0
0.5114431904316777,0.5103439785807653,0.5228820796326048,0.5322070086042722,0.12475364824028866,0.0,0.0
0.5257655666127216,0.5175314373284086,0.5348887610859518,0.5289157541048076,0.10715232403960646,0.0,0.0
0.5143076911518869,0.5055521947245729,0.5137733854914432,0.5285045341458267,0.19429194343693895,0.0,0.0
0.5278118945785822,0.5155351205892651,0.5319908387256194,0.5264477225282472,0.1837290827173803,0.0,0.0
0.5229012700453515,0.5091460296529944,0.5278504640784794,0.5285045341458267,0.08571510684703453,0.0,0.0
0.5290396987266417,0.5203270501562114,0.5398575839607234,0.543726007849927,0.09886146125155716,0.0,0.0
0.5482727755593415,0.5319070143567943,0.5502082408840103,0.5507194520787673,0.11807676961029707,0.0,0.0
0.5507280837793946,0.5394939787972055,0.5601450187649033,0.5523649725550983,0.15545286091720334,0.0,0.0
0.5544107804458236,0.5478793290325747,0.563042956149894,0.5708769889359888,0.12660763231432348,0.0,0.0
0.571188749751877,0.5502752938270379,0.5758780114878139,0.5741681722531861,0.13415945653233538,0.0,0.0
0.5675057091386274,0.5490772717878118,0.5738077491313114,0.5679973103068425,0.12929762500719683,0.0,0.0
0.5699615206644433,0.5574633830418403,0.577948621641484,0.5782824361287519,0.18692766211953266,0.0,0.0
0.5650506868890711,0.5490774887033592,0.5725658735614605,0.5737569522942049,0.13310412908512348,0.0,0.0
0.55932159617243,0.5398932697855383,0.5551765628192866,0.5544218553549454,0.3213132547916676,0.0,0.0
0.5462265085981945,0.5374972275479808,0.5551764089493663,0.5461939682442202,0.2509048071307168,0.0,0.0
0.5478635095567344,0.5351014871208881,0.5576607545322447,0.551953539049315,0.15937856291648017,0.0,0.0
0.5507280697934627,0.5307090551448095,0.5427556430814586,0.5359095542449851,0.15166382978032691,0.0,0.0
0.5351778992865395,0.5175317944812994,0.5415136197110508,0.5367324212565519,0.14128375702987497,0.0,0.0
0.5282210102479568,0.5079480136934404,0.5303345859298325,0.5239792638580818,0.1593475699292403,0.0,0.0
0.5257656454156536,0.5131390306483516,0.5365449476179498,0.535086616051151,0.16478713517955162,0.0,0.0
0.5359962163863276,0.5207261342605729,0.545239770156269,0.5379664370448322,0.12839646045954597,0.0,0.0
0.5380422008039099,0.5255178524223978,0.546067794000265,0.548662355732118,0.12883511721240326,0.0,0.0
0.5474541688157983,0.5275143819925174,0.5555904256852775,0.5511306008554808,0.07329904499396897,0.0,0.0
0.5392701317635311,0.5251188317597377,0.5502083749099944,0.543726007849927,0.08482664121282453,0.0,0.0
0.5376332081330287,0.522323575539674,0.543997814514366,0.5367324212565519,0.097860958737411,0.0,0.0
0.5278118094689475,0.5099446688816953,0.5224680532858466,0.5141060698178278,0.15995310759120993,0.0,0.0
0.5114431720643537,0.5023577026898627,0.5179136727811593,0.5099922330358664,0.13508764207625515,0.0,0.0
0.4954836661809749,0.4907775444595978,0.5054926994261841,0.505878396253905,0.15588993269289433,0.0,0.0
0.5171721030858865,0.499562378957725,0.5063207125588276,0.5067010497186694,0.1611808920117819,0.0,0.0
0.49834814971038505,0.4843885051599705,0.4910015901885904,0.48242946253268404,0.16447880938042955,0.0,0.0
0.4815746015997087,0.4664329630204584,0.47979817247804285,0.48778881103911675,0.22473843818832526,0.8009999999999999,0.0
0.4766535154082558,0.45963013157633387,0.4420412494440807,0.4333706794065366,0.38252889217639036,0.0,0.0
0.439335698084203,0.42561637947148917,0.4150720512080695,0.4271867911052524,0.38302239295842383,0.0,0.0
0.3987373229050412,0.3904022641793407,0.37275130547266605,0.3669972368200492,0.4533029157755546,0.0,0.0
0.38274398700939055,0.38439984316034953,0.3752407949229427,0.404512747547346,0.3095949457178738,0.0,0.0
0.3925858589916277,0.37839725345578007,0.3839537262760071,0.37812804357023877,0.27540948983117797,0.0,0.0
0.38438432842630077,0.39240307203581226,0.38478373098812657,0.4049249996492048,0.2999594685055966,0.0,0.0
0.41473066330154335,0.39800532055440224,0.4076037860647644,0.40533721615993,0.2661006324918218,0.0,0.0
0.41186004622396094,0.3988056056006097,0.4196361435278712,0.4177049571713646,0.13642746337676329,0.0,0.0
0.4061188709201497,0.3956043436064069,0.4092634099027906,0.40533721615993,0.1425449023553811,0.0,0.0
0.4073490990746141,0.39800532055440224,0.4092634099027906,0.40533721615993,0.1314980889090077,0.0,0.0
0.38848514949647156,0.37199477308498624,0.37856003340559324,0.3744178458357764,0.2591122390122651,0.0,0.0
0.36059917550611065,0.36479176336959324,0.3661126144954655,0.36204999805094046,0.21480496617267256,0.0,0.0
0.38315399912998904,0.36639246277492504,0.36984688523449777,0.36287457343692564,0.20156324579262558,0.0,0.0
0.36470016325143734,0.3619907232524013,0.37275128366089216,0.3814262383407784,0.18586994765851608,0.0,0.0
0.37741279715852005,0.3699939310412753,0.38270908716986596,0.3892590994583643,0.17239141641293504,0.0,0.0
0.38930534246662085,0.3747959528817132,0.38395388959632853,0.37771596942404856,0.17465545126639195,0.0,0.0
0.37208160835311266,0.3731951733325975,0.3748257438515899,0.38884681176537167,0.14963740782904245,0.0,0.0
0.3987371529636761,0.3920027248443192,0.40469924094556464,0.41193321419853823,0.10306054316785566,0.0,0.0
0.40283814481354757,0.39280321589746786,0.40718885445739245,0.4094598083607861,0.1691133780952527,0.0,0.0
0.41350038045001075,0.412010954749156,0.4237852772450244,0.4275991499805124,0.22595031554890288,0.0,0.0
0.4200618004031042,0.41001020235801383,0.4233704061742089,0.4148191924583525,0.13804146663093145,0.0,0.0
0.39914735752447517,0.3856002480036454,0.40055025584566445,0.39626749196336625,0.12184989368717918,0.0,0.0
0.3737220616521422,0.3683933473418498,0.3793898531909414,0.38513657843977556,0.16955281778863793,0.0,0.0
0.39299612116128707,0.3856003143246154,0.4022099466677322,0.4049249996492048,0.11142293998560344,0.0,0.0
0.3999675771363684,0.3884014541446573,0.40138012400707546,0.3958553110437748,0.10418977256246027,0.0,0.0
0.38520433229034723,0.3707941541883138,0.38229410569223843,0.377303539366521,0.1775957557748786,0.0,0.0
0.3663404517349664,0.36279103251190303,0.3702617776993114,0.37606685424321185,0.20952433784953162,0.0,0.0
0.3745421341472995,0.3635913040125912,0.3773152168974679,0.3793648710580828,0.16203517560830896,0.0,0.0
0.3860245320689526,0.3687933873906181,0.37897486217197507,0.3834874276678052,0.18116783600107586,0.0,0.0
0.3884850454111865,0.37519596263398475,0.39391163067841556,0.3937938725788119,0.13717368208432515,0.0,0.0
0.39340617891495294,0.378397375706131,0.3955713453984166,0.39338172725035414,0.16772268475653937,0.0,0.0
0.3811034536020833,0.36479174530297015,0.37814498142179126,0.377303539366521,0.16727528198510178,0.0,0.0
0.3745421385954543,0.3599898436273331,0.37067666128563354,0.3636990776406434,0.16102434209841618,0.0,0.0
0.36141949997026557,0.34838522927054205,0.3549101340962999,0.34679656350876104,0.1972449659549769,0.0,0.0
0.3257419616801211,0.31357111653717695,0.31756816083485867,0.3167016973883252,0.46492585887382404,0.0,0.0
0.31138893223948405,0.3071684688374108,0.3179830179335131,0.3150526177986223,0.29522000485614086,0.0,0.0
0.32000075318526017,0.3127707666718695,0.3163234235302051,0.3307184468071954,0.23537520085527658,0.0,0.0
0.3409150209024798,0.3299776171376553,0.3362390113611082,0.33195509633937087,0.22488227009213965,0.0,0.0
0.3302528475974067,0.3163721772504685,0.31798299382510753,0.31093002559776617,0.24814727149522636,0.0,0.0
0.32041080303754776,0.305967994660195,0.3117593626093114,0.3146403301056297,0.24787946764245244,0.0,0.0
0.3072881068545969,0.2947635289627021,0.3018015592185255,0.29443976356774276,0.27807246152778237,0.0,0.0
0.285963738275347,0.27195437366764946,0.2723430147439786,0.26681855242299496,0.4074142367423105,0.0,0.0
0.2564373793223458,0.26114984184568785,0.2557464172544652,0.2758880630727564,0.3756875196510911,0.0,0.0
0.27571144338655107,0.27315471968592525,0.2793963589322228,0.2861945435748967,0.3166651851267652,0.0,0.0
0.2888341800206274,0.2947634784693505,0.28603492023461674,0.3072197210899026,0.5330647338092912,0.0,0.0
0.3179503022152086,0.3043673528083403,0.2997269628505397,0.3002113285849007,0.33586460552162123,0.0,0.0
0.31138892938034296,0.29956539463284076,0.31632339147834454,0.31587712200234,0.2143027384681692,0.0,0.0
0.31138896146881,0.3123706250778848,0.3171532354133642,0.3245345940970449,0.41717446884407516,0.0,0.0
0.30728795086935545,0.307168365394892,0.3088548881298241,0.3142280068215035,0.8518291161642177,0.0,0.0
0.3101587214342986,0.300765934992632,0.31092961744568093,0.31628944528646635,0.31725086283387993,0.0,0.0
0.322051108726931,0.31157024289255864,0.3217171829103188,0.3228854789162083,0.28258622824797863,0.0,0.0
0.3232815203933606,0.3079689260521001,0.30138672322661897,0.294852086851869,0.4292170107769854,0.0,0.0
0.29826614165520393,0.3027666659373107,0.3013865949168551,0.3179384181027681,0.3615470026410875,0.0,0.0
0.3130292541201138,0.2987650787956847,0.30885498564883385,0.3026848767871876,0.26024941238881166,0.0,0.0
0.30687792874989395,0.29596390602336076,0.30885493072268677,0.310105450211781,0.27034420834543943,0.0,0.0
0.31548976182522254,0.30396716040838995,0.3221321255936206,0.32164872261063165,0.20695354307800845,0.0,0.0
0.32369167891843864,0.3211743302630881,0.3304305342301652,0.3360779732692968,0.2707288422018693,0.0,0.0
0.33230327166352025,0.31717252471940377,0.3254513991777216,0.3179384181027681,0.23170697171302707,0.0,0.0
0.3245116919991313,0.3123706192270431,0.32379179027593535,0.3270081422993318,0.20871057619935268,0.0,0.0
0.3478865426641673,0.35398737357926663,0.35781440230383027,0.3674093465573732,0.4753441047490403,0.0,0.0
0.36100934138374624,0.3611903679073038,0.36901704061895296,0.37689135844692956,0.23803339852427163,0.0,0.0
0.36511025937844077,0.34838523876374006,0.3515908627225105,0.3434985111027564,0.2902842713836096,0.0,0.0
0.31918050912314216,0.32357507905511057,0.3221320916391667,0.3286570795244999,0.34573292160846153,0.0,0.0
0.3380777623731741,0.3272241031041006,0.34206350376338956,0.3423010474088048,0.20020912150539982,0.8009999999999999,0.0
0.34671454752134867,0.33324392426265226,0.34456022042660656,0.3493297624511599,0.19123163897046375,0.0,0.0
0.3450693650996796,0.3356517696240463,0.3462245679202007,0.3518103932890568,0.17778490274876096,0.0,0.0
0.346714459896947,0.3368557220502713,0.34539234664268365,0.3443682872285639,0.24676532417509334,0.0,0.0
0.3454804940335263,0.33043447337234194,0.3458082916719135,0.34560849587411113,0.24242002334117574,0.0,0.0
0.3290297368000766,0.316388415349988,0.3279156908326794,0.321628471255546,0.2503429613694279,0.0,0.0
0.3257395214245594,0.31237519250519546,0.3266673155381275,0.323695711075305,0.16133188495701034,0.0,0.0
0.32450575823236427,0.3220069067860389,0.3345734724280835,0.33816653217815296,0.15912823200475645,0.0,0.0
0.333142491734353,0.32120427222970516,0.33415734537560265,0.32907061290717265,0.1624317254376518,0.0,0.0
0.3232719378382056,0.31438183887018745,0.3291640411939711,0.32824372409749575,0.17468088728549455,0.0,0.0
0.3208042818597818,0.3071580864509364,0.3191773432468029,0.31211912537529407,0.25447211332930464,0.0,0.0
0.3129901245579326,0.29993433051926943,0.3037812763327716,0.2976483398635797,0.29193640957032124,0.0,0.0
0.3014744519104271,0.2903026283528523,0.3050295676079015,0.3005424684930156,0.15656540031128569,0.0,0.0
0.2920152068515461,0.2794669723300809,0.29088178703456696,0.29144654922203517,0.24362078676547883,0.0,0.0
0.2899587741334729,0.2766577066578761,0.28713673776460275,0.2827640209691927,0.21119077902296085,0.0,0.0
0.27433041781414785,0.2618088545590683,0.274237278546766,0.2670528844473961,0.26550303881179416,0.0,0.0
0.2677502718294721,0.25899983366807666,0.27548581675428463,0.26994722662363435,0.08283915623072188,0.0,0.0
0.2858461095756444,0.2786643425174797,0.2925462120821274,0.29103308702162994,0.2291870489797091,0.0,0.0
0.2903701231254545,0.2766577702686855,0.29046568394978906,0.28483133197121907,0.14725576003140162,0.0,0.0
0.2990068720609002,0.2967237931648002,0.30835850994101066,0.3141864007861868,0.2785278082811619,0.0,0.0
0.30846610259197993,0.2951184584032621,0.30877455701884654,0.3055038725333442,0.15161217480159378,0.0,0.0
0.31052251686248744,0.2991317314611212,0.31668074967737825,0.3096384589462634,0.18329917198310336,0.0,0.0
0.31257892816952926,0.3003357157482928,0.3175129854388653,0.3133595475676435,0.24109847701835618,0.0,0.0
0.3084661255774992,0.2971251043613572,0.3154323783484907,0.310051885555535,0.1484906863972772,0.0,0.0
0.3055872003281085,0.2939144857040172,0.3112712155748177,0.30922492556359066,0.1460955185534467,0.0,0.0
0.3043533694634573,0.29070392203144985,0.29712342917915635,0.29144654922203517,0.2180790324993839,0.0,0.0
0.29119261644897504,0.28307883370692966,0.2996200767678216,0.29847519308212284,0.1576111987993893,0.0,0.0
0.2899588347249404,0.27585513583739074,0.28880125491728725,0.2864851451817066,0.14905173012192768,0.0,0.0
0.28708006143631803,0.27424995865224283,0.278814687490136,0.2736682796538808,0.18079830716800194,0.0,0.0
0.2698064528803503,0.26221021367117814,0.27423730683264314,0.2695336220586942,0.32802353251881416,0.0,0.0
0.2735079672165842,0.25980234643042593,0.26841180948446014,0.2629184403990118,0.33801102743089423,0.0,0.0
0.2656938657412439,0.25458526878134846,0.26799578681201514,0.26415886259136145,0.3065553032428919,0.0,0.0
0.26240355314803937,0.24816402826579842,0.25884124756958904,0.2525821345268156,0.18372352574924303,0.0,0.0
0.2545893414384607,0.25177586775240957,0.2638345103972185,0.2670528844473961,0.26079298317241195,0.0,0.0
0.2644599704527014,0.25418386320454106,0.27007625911334526,0.2658126046195814,0.18800286861770987,0.0,0.0
0.26692764008800046,0.2553878865186956,0.27132465721964694,0.2682933778220132,0.23719819194207153,0.0,0.0
0.26816132460772857,0.25458512391070587,0.27257285749487825,0.26622599563771926,0.1267300192861167,0.0,0.0
0.2636374456920835,0.2533812758236499,0.2700763026556636,0.26333193819055084,0.12759621885555672,0.0,0.0
0.26116973687169176,0.2469600702645533,0.2588412506930904,0.25216870791754403,0.18707468307379013,0.0,0.0
0.2525330888377267,0.2425456117043624,0.26092185416921443,0.25671672093973474,0.12181414576844037,0.0,0.0
0.2541780833439196,0.2417428743258096,0.261753956572506,0.2575435029760104,0.12669028028029652,0.0,0.0
0.26775016267770013,0.26662479229020547,0.2750696171195932,0.2815237411413779,0.35350486669148523,0.0,0.0
0.2755643022924542,0.27585512136542656,0.28505623524366264,0.29061962482122455,0.3072880019042641,0.0,0.0
0.28378980441544305,0.2750525084106543,0.2875529546335406,0.2868986429732455,0.19527495391392446,0.0,0.0
0.27350795251920135,0.2658221380117353,0.28297569314492915,0.2786295769208083,0.2587347661972492,0.0,0.0
0.28091086999108983,0.27505249748177674,0.28880127881048057,0.2897927716026814,0.4302755272746403,0.0,0.0
0.29900688399204645,0.2899013678572485,0.2954590795153942,0.29020626939422045,0.48931294772621176,0.0,0.0
0.2891362966760174,0.2826775377364749,0.29462680508437844,0.29806176647285126,0.2070481070168944,0.0,0.0
0.30394209288328367,0.294717143962698,0.3037812344190848,0.31046527657367284,0.26589639959069394,0.0,0.0
0.3043533600052081,0.2907039127645341,0.30669397737377946,0.3050904103329389,0.2389456961043075,0.0,0.0
0.31011114150722713,0.29712501813293374,0.3087744932712155,0.30343656153131776,0.17208545853150717,0.0,0.0
0.30311961536192134,0.2971251242386358,0.31127127014231615,0.3141864007861868,0.18189734561200502,0.0,0.0
0.31463529140762486,0.3055528685794125,0.3233385472044091,0.32080165362813656,0.20278705822222656,0.0,0.0
0.31710296965699775,0.3043489449204885,0.3237546756418435,0.3203882626099987,0.16468621223589003,0.0,0.0
0.3199817078361001,0.3087633089789004,0.3270834382269554,0.323695711075305,0.20663169723269667,0.0,0.0
0.31751417031580664,0.3079607793585957,0.3233385348328382,0.324522706658383,0.14380129274938827,0.0,0.0
0.3199816411644238,0.3159870091253794,0.32458670155329333,0.33320498577328955,0.2186837872208256,0.0,0.0
0.33848902559751426,0.325618790077671,0.3316607115977338,0.32824372409749575,0.1949443811461428,0.0,0.0
0.32203800269911137,0.31478305497259856,0.32874780255504316,0.3311377459535305,0.15175680874204658,0.0,0.0
0.32327194222592864,0.31277658266429303,0.3304123808049962,0.32658991088700834,0.13254944436524863,0.0,0.0
0.32985235248175476,0.31438190208548583,0.3254190988776659,0.31997476481845966,0.1785628782879802,0.0,0.0
0.3237002610511747,0.3103924134247116,0.32958508051228047,0.32287739972885415,0.17983118465490033,0.8009999999999999,0.0
0.32576282333225054,0.316027644001449,0.3333412615902344,0.3320004038525943,0.17249631134756763,0.0,0.0
0.33648747533820683,0.3289077803451943,0.3433574094297588,0.3460992264258188,0.26431738041084707,0.0,0.0
0.33937492381529205,0.32770028483774927,0.34753085984534104,0.3452699174190491,0.12740945889547906,0.0,0.0
0.3414371965372798,0.3277001154833577,0.34794804181668404,0.34236703337071855,0.16703449912859672,0.0,0.0
0.3434996737802623,0.334140267337296,0.34794804181668404,0.34236703337071855,0.1936577998015341,0.0,0.0
0.3422622829301445,0.3285052352882312,0.34460938343422554,0.3411230876561308,0.14170652581884835,0.0,0.0
0.33153764550727693,0.3156250800044859,0.33167186218853634,0.3266095571928208,0.16359591981046726,0.0,0.0
0.32947513783363336,0.3152224994083042,0.3345931866637015,0.32826821079749396,0.13046739544426,0.0,0.0
0.3232877085863764,0.30797731057739264,0.3266636110538279,0.32329203643667226,0.17567900278583606,0.0,0.0
0.3249377509823183,0.3091849025055964,0.32666367738016183,0.318730676739337,0.192807488195978,0.0,0.0
0.3179253437506405,0.30918483566449123,0.3237422235904632,0.32619477812046793,0.13984855065773208,0.0,0.0
0.32782508711646346,0.3128074043588995,0.32666359796119376,0.32080396705182823,0.1365395193528099,0.0,0.0
0.32246281377809527,0.3172350812096798,0.33083710605529315,0.3315856247802414,0.21602081552422114,0.0,0.0
0.3311250727694208,0.31643001834470275,0.33375850154853814,0.3303415722922525,0.16072157326743136,0.0,0.0
0.3282376720493252,0.31683255363715795,0.3350105496523889,0.33365898627499996,0.12404480062085273,0.0,0.0
0.33153753135271413,0.3200525559447478,0.3396012632500781,0.3324148981958774,0.1302432834921668,0.0,0.0
0.3270002052822894,0.31361249936036534,0.3333411693076814,0.32785353849854226,0.10279035230127705,0.0,0.0
0.3274126285749383,0.3148199487310487,0.3350104772881844,0.3299268288110334,0.12270973425184352,0.0,0.0
0.32823777611011706,0.3172351759661178,0.3287504917455566,0.321633525196534,0.17418499948965643,0.0,0.0
0.32287532290479415,0.3091849192925527,0.3291677588799448,0.32578017700378376,0.14198227365356428,0.0,0.0
0.3228752989221898,0.3099899030354793,0.33000241188291757,0.32453612451579483,0.15749677490564848,0.0,0.0
0.31916292703023036,0.3039523485754299,0.3153954623716317,0.30919317827231396,0.21572362275748405,0.0,0.0
0.29936329938186196,0.28422935100081964,0.2999536740264737,0.2926061083585768,0.24897770404981717,0.0,0.0
0.29400098751327003,0.2810093409571974,0.29953637069339245,0.29592355793245806,0.16207331054085244,0.0,0.0
0.29977579238065444,0.2902669758136825,0.30454443804756187,0.30504634850939566,0.13375496272105059,0.0,0.0
0.3047256605394472,0.2967071038989501,0.3124739589269644,0.3067050377052025,0.1495587318540404,0.0,0.0
0.305963217503486,0.2954996595435525,0.3141434300800757,0.30919317827231396,0.14751720487939993,0.0,0.0
0.31256307013049106,0.3115999795961864,0.32040353978089936,0.3274388661995905,0.2990630779855551,0.0,0.0
0.3265876252790208,0.3124048961833819,0.33125438224536474,0.32619477812046793,0.20953703676297247,0.0,0.0
0.3232877728821309,0.312404961275184,0.3295850945035149,0.32909755539539737,0.19372772975795582,0.0,0.0
0.32906269422172535,0.3220651993145816,0.33834934220310653,0.33697643584888115,0.22498558004960595,0.0,0.0
0.3335999591046247,0.3272976991403212,0.34377466378919436,0.3394643628691903,0.12871750426821937,0.0,0.0
0.33153751666775333,0.3172350005073295,0.33375844370934055,0.33282957049482914,0.14949833085672692,0.0,0.0
0.330712634616348,0.315222522002654,0.3329238555280821,0.32578017700378376,0.12247372542294781,0.0,0.0
0.3195753137419588,0.30475724303598545,0.3204034441149055,0.3149985192753706,0.20702983203920583,0.0,0.0
0.3129754317796226,0.3075747713248085,0.3208207864092671,0.31914527785602137,0.13820993251721012,0.0,0.0
0.32287526007406514,0.3091848576832501,0.3274983087862095,0.32370674432675767,0.08858786841290411,0.0,0.0
0.32287526023956964,0.30958734546410044,0.324994244890583,0.3170719163612628,0.13166813977245265,0.0,0.0
0.31503792439517136,0.29952465108970694,0.3137259970741506,0.30753441789423974,0.2686857111539521,0.0,0.0
0.30307569552550484,0.30073214949080757,0.31205661465984685,0.31582789946440765,0.20927400693780787,0.0,0.0
0.3179255023883056,0.3031473573280037,0.3216556396946027,0.31541336952999083,0.13927719503344538,0.0,0.0
0.30967569924597843,0.3067699510337645,0.3195689423383076,0.321633525196534,0.12763118383376756,0.0,0.0
0.3171003946647299,0.304354750834515,0.3212381819251973,0.3170719163612628,0.21866948423410798,0.0,0.0
0.308025611798508,0.2967071038989501,0.3124739589269644,0.3067050377052025,0.17476512022863389,0.0,0.0
0.30307582484121487,0.29268214189125774,0.30496190619015245,0.2992410075063392,0.17416830948913414,0.0,0.0
0.29235082823210295,0.28583926570532997,0.29995354119620304,0.2979967414715479,0.16732057795905925,0.0,0.0
0.29688833738091597,0.28302180964031887,0.2936934992168943,0.28638595269203376,0.3440521774483147,0.0,0.0
0.31008798730253556,0.3031471560723016,0.3174820171935083,0.31043705280463424,0.6140066532758375,0.0,0.0
0.3121506471933131,0.3067699510337645,0.32082097481439237,0.321633525196534,0.2779278275873296,0.0,0.0
0.3158629682936822,0.30234226314524915,0.3149780682590558,0.3083637980832768,0.1932421729578643,0.0,0.0
0.31008815861206945,0.29509715704221634,0.31122202774636976,0.30877854156449597,0.19318973503860323,0.0,0.0
0.3088505864361885,0.29992716776610256,0.3183167672722592,0.3141692102686008,0.14133858196294075,0.0,0.0
0.3100881212708256,0.29992722835312774,0.317899507038782,0.3125105566639277,0.1689751031595756,0.0,0.0
0.3105005341453924,0.29751211895410945,0.3099699027629766,0.30463167621044396,0.24122403394448205,0.0,0.0
0.30637563107805676,0.2942920453781669,0.30871785776764066,0.30214360682560004,0.13727460502798677,0.0,0.0
0.29358853611492824,0.2838269326731557,0.30037113188567305,0.2992410075063392,0.14952454981635746,0.0,0.0
0.297300910861678,0.2874494675709234,0.3057965361379551,0.30048498881206054,0.09785142977830275,0.0,0.0
0.30307570305694936,0.2914744948819146,0.30871784820994086,0.3071197100041542,0.14050098836693595,0.0,0.0
0.30307581774147024,0.29268213487823397,0.3108047057153494,0.30877854156449597,0.11934349100005089,0.0,0.0
0.3072005972761372,0.2930845135122005,0.309969884579892,0.30421700391149226,0.1406964752494835,0.0,0.0
0.30018835813977274,0.2886570244702717,0.30746595406530236,0.30338773049585627,0.10927649898021995,0.0,0.0
0.30183820934652345,0.29751207622060594,0.30871782790078967,0.3133398300795637,0.19980224068031038,0.0,0.0
0.3063757272108647,0.29227960555107063,0.3091353084009465,0.30338773049585627,0.12377222274046944,0.0,0.0
0.30266329513751394,0.2878520067177676,0.3037098465966852,0.2971676104204468,0.12359420879897208,0.0,0.0
0.29193857591184114,0.2777893127321777,0.2949456304658022,0.2884594209601934,0.11860999030204032,0.0,0.0
0.28410118909681253,0.27336168310710107,0.2891027822998535,0.2868006961732528,0.12243478845376597,0.0,0.0
0.28121374707620345,0.26812906310379836,0.2820079193562833,0.2818245574035648,0.17868368028260714,0.0,0.0
0.27420143006121034,0.2677265659058911,0.2807559429268617,0.27933652360985456,0.16219808452645035,0.0,0.0
0.28205368716564955,0.2681463177216055,0.2832476383504909,0.2785044740857886,0.12094078515758634,0.8009999999999999,0.0
0.27212140168884297,0.2653195124277176,0.281572829968578,0.27684033944652275,0.1104597894634728,0.0,0.0
0.27129374418483027,0.26289654167827764,0.278641828189143,0.27101581482239206,0.1285490383819407,0.0,0.0
0.27005209890368215,0.25845428925706265,0.26859255460630493,0.262278903317228,0.19998739656711131,0.0,0.0
0.26260290292399086,0.2532045505889401,0.2602182961802457,0.2531261094145658,0.21927104990510662,0.0,0.0
0.2526703759433294,0.24633919578803587,0.25770579057568177,0.2535419562209302,0.256793360129632,0.0,0.0
0.253912038496932,0.24512781495065333,0.25603106363176487,0.25062978288669907,0.1933883918754834,0.0,0.0
0.2514289487242355,0.2423010041732785,0.25896205811375267,0.25770245297919636,0.09959652783062362,0.0,0.0
0.25846444316531597,0.24714705459014158,0.2572872995977985,0.2531261094145658,0.17601990654936434,0.0,0.0
0.24770425599803825,0.24230094400956176,0.2530999729506299,0.2581184421500956,0.1719448156781358,0.0,0.0
0.2563951150098418,0.24351249281249787,0.25812462509132655,0.25895056285642903,0.16745249388996075,0.0,0.0
0.25349816769891226,0.2447239596244915,0.26273049933271375,0.25895056285642903,0.1004953053644698,0.0,0.0
0.26343049089099174,0.2548197649128882,0.2715235559497096,0.26976759817175816,0.18374418774073628,0.0,0.0
0.26260272522746153,0.24956987899955219,0.2623116948489349,0.2568702966817291,0.12717264802994496,0.0,0.0
0.2551536826200899,0.24270491510186343,0.25644985719990715,0.255622364760165,0.18391901263179058,0.0,0.0
0.2472904585395716,0.23705116630025336,0.25226261191988525,0.24522128302460144,0.1749852410936457,0.0,0.0
0.24232431590399012,0.2334166708702891,0.24891288941549045,0.24896561265629963,0.16010648755024304,0.0,0.0
0.24853198310760743,0.23866648947880226,0.25351874288019893,0.2514618324107652,0.11058137439862768,0.0,0.0
0.25349828173797795,0.2447240725977633,0.255612437091734,0.2593667299829969,0.114379132457974,0.0,0.0
0.26425832072268135,0.2544160638045116,0.26189318900580555,0.255622364760165,0.16295620011081471,0.0,0.0
0.25060116318866277,0.2394740639809783,0.25477481157519594,0.2543740413361299,0.11150717292874278,0.0,0.0
0.25639510658514925,0.24512779497658915,0.2531000146975448,0.24605333254866746,0.11652635640388541,0.0,0.0
0.24563498784487264,0.23866640896258695,0.2543560837571784,0.2543740413361299,0.12284722624699272,0.0,0.0
0.2489459021111209,0.24230104580244932,0.2572872549930191,0.25271001347026534,0.1230546291024532,0.0,0.0
0.25101495602006607,0.24432002509950984,0.25770577322844107,0.2597825056070939,0.13303817111967273,0.0,0.0
0.26136127324047725,0.25078146820776637,0.26733638806978555,0.2668553180641259,0.11386021475294837,0.0,0.0
0.2617749899039169,0.2487621746493478,0.26608009542625927,0.2614466758374934,0.09074540425845172,0.0,0.0
0.26136133750031887,0.2556275280773178,0.2698487541207126,0.2701836941160586,0.1080074096727719,0.0,0.0
0.2675691103940889,0.2580505765441274,0.2748734084572659,0.27101581482239206,0.1487918702510957,0.0,0.0
0.2675690952282992,0.25360840832442305,0.26189318900580555,0.255622364760165,0.15773039672073952,0.0,0.0
0.2547397731398522,0.24432020846933739,0.2610557156009871,0.2585345736855297,0.18372511072640935,0.0,0.0
0.25184281049656954,0.23785885491214004,0.2551936423581944,0.24896561265629963,0.13179608371238316,0.0,0.0
0.2485320040611465,0.23785885491214004,0.2535187638284687,0.24896561265629963,0.18202131756096454,0.0,0.0
0.2485320130324835,0.24149332852175476,0.25184389422470294,0.2547901728715641,0.17748608681263667,0.0,0.0
0.2485321375954605,0.23866664201843896,0.2547750483991167,0.25395823012089913,0.10998297868196162,0.0,0.0
0.25929198793580777,0.24795460377713696,0.26482403090129214,0.26394300236536,0.19067218022297952,0.0,0.0
0.26177511778199175,0.24876229986110066,0.2648240724906147,0.25895056285642903,0.14885066717513243,0.0,0.0
0.26011979307491484,0.2580505263364938,0.2690113313220927,0.2701836941160586,0.11850668034457403,0.0,0.0
0.26715525124559397,0.2604735430843836,0.27529210329690523,0.27101581482239206,0.12957892981005,0.0,0.0
0.26384432212523246,0.2495699307257434,0.2656615035999357,0.2631109172501602,0.17957609881167766,0.0,0.0
0.2576366942222171,0.24876233458491626,0.2639866850570089,0.2643590983096605,0.26050052624106335,0.0,0.0
0.26508598879718814,0.2532045475223231,0.25435626679404405,0.2493817441917338,0.4333127827358176,0.0,0.0
0.24604888154105992,0.23462810396628098,0.25268127391318873,0.24730140683476648,0.1886791382727396,0.0,0.0
0.24273814076887784,0.23301285798218124,0.24891288810818635,0.24522128302460144,0.1932930258999591,0.0,0.0
0.24563514928272195,0.23503207233974005,0.25142525050827974,0.2502137937157999,0.12824466547767915,0.0,0.0
0.24811813021563633,0.23462812320201626,0.2526812935736408,0.24646935731070047,0.10004473263869958,0.0,0.0
0.24770422715642948,0.23382042502456296,0.24933152654602392,0.24438909113600055,0.25344539185552795,0.0,0.0
0.2423242690201674,0.23341662445722083,0.24933157020807,0.24646935731070047,0.11295427617768815,0.0,0.0
0.24563508292131653,0.2354358506109821,0.25393748513874964,0.24854958789426673,0.11055910833385767,0.0,0.0
0.2439797219510611,0.2326090506802146,0.2505878037822462,0.24355714838533565,0.08914175109614061,0.0,0.0
0.23694428679527801,0.2237247181959185,0.2409572978693556,0.23856463769413716,0.14005278355885997,0.0,0.0
0.23653043416426645,0.22453234752640955,0.2388636983525116,0.23357216259407254,0.19886928110878127,0.0,0.0
0.23404734590774062,0.22291703710931,0.2388636983525116,0.23357216259407254,0.16546262189405342,0.0,0.0
0.23735815352332573,0.22574387996579703,0.24053857757980424,0.24064486827770343,0.15016745856645305,0.0,0.0
0.2402550660624393,0.23866648947880226,0.24640056771816876,0.2514618324107652,0.1964042024046395,0.0,0.0
0.25060124521745814,0.23705114701038765,0.25268132028319884,0.2514618324107652,0.09165928681565388,0.0,0.0
0.24894589559520064,0.2386665422374265,0.25686852043586833,0.25229398870823233,0.09754388691970858,0.0,0.0
0.25267792978038917,0.24232118076567916,0.25685814808488866,0.2518765047097168,0.2047673821629152,0.8009999999999999,0.0
0.24561737084268542,0.2354314853860931,0.2455124970130837,0.24143840819508627,0.150943849128506,0.0,0.0
0.24520214613293823,0.2370526416994374,0.2522358625132504,0.24937135158068807,0.09543876989731162,0.0,0.0
0.24852468476151124,0.24191585953149486,0.25727832188747296,0.2547991062461274,0.1228798042113989,0.0,0.0
0.25475439388536475,0.24475267240288656,0.26232070628327653,0.25897419536921806,0.09541016392387641,0.0,0.0
0.2551698507520855,0.25123707195849837,0.262741016919332,0.26732469393560265,0.1477937547507542,0.0,0.0
0.26513734103219244,0.25569487877810104,0.27366620481661635,0.26982966910896283,0.11342551089495163,0.0,0.0
0.2643066849001174,0.25853170671544007,0.2698843294812439,0.27483983300248543,0.12388506165704398,0.0,0.0
0.2701212388879685,0.258126557019888,0.2749268895879554,0.2685771815222827,0.06475943627136223,0.0,0.0
0.26929051941429716,0.25650538221569796,0.2677833214179418,0.26273183608492684,0.07523329002017218,0.0,0.0
0.2597382879549585,0.24961592512498904,0.2677834170225167,0.264401985625791,0.04793532376548182,0.0,0.0
0.26181486400881004,0.25245280635081707,0.270304639718956,0.26607206398438776,0.06625424160418021,0.0,0.0
0.26389140092820546,0.2532632854854943,0.27072477481771595,0.26523698921395567,0.06551438190139398,0.0,0.0
0.26306089345885664,0.2524528774462134,0.2703047122659179,0.26732469393560265,0.05105522719263211,0.0,0.0
0.2667987073558483,0.25731600902533225,0.2749269000776198,0.2681596619326336,0.08901142014240543,0.0,0.0
0.26430677134657743,0.2540738513327478,0.2694641997243371,0.27024722428974574,0.08485129429139919,0.0,0.0
0.2655527162225532,0.2520475078593701,0.26736317249458524,0.26022678972929925,0.07919475903429823,0.0,0.0
0.25766167551077107,0.24637376107364284,0.26442175839443427,0.26022678972929925,0.062003504709148574,0.0,0.0
0.260153583709533,0.2463737870899731,0.26063993796875595,0.2539640314756953,0.07334831295889743,0.0,0.0
0.2518472598326717,0.24191585953149486,0.2602197363269207,0.2547991062461274,0.06122470803718051,0.0,0.0
0.25392376278949547,0.2427263052734679,0.2602196543060985,0.25646907783132294,0.08003712665791238,0.0,0.0
0.25184725636528044,0.23907899849971187,0.2576985014162587,0.25229398870823233,0.058041233658384137,0.0,0.0
0.25433910742179083,0.2431316311406589,0.259379302703143,0.257304152601755,0.11353517985719357,0.0,0.0
0.2555850447727613,0.24151052735780754,0.25853888360367167,0.2514588783466666,0.07315362811298824,0.0,0.0
0.2501859492793708,0.2411053105932085,0.25811869804265386,0.255634109834292,0.0747223162970885,0.0,0.0
0.2568310101414827,0.25123697658214056,0.2661025516461899,0.26565450880360486,0.08895737814986761,0.0,0.0
0.26679860717299536,0.26339493474076886,0.27618741440495503,0.27985006807827567,0.1867623661875866,0.0,0.0
0.27718165257259775,0.2719056293763375,0.2845915648324266,0.2777625769034309,0.2143599504150396,0.0,0.0
0.27884294489205674,0.2755530832016285,0.28711283429160805,0.2894531254136079,0.14225007750633822,0.0,0.0
0.2921330876435473,0.2779846359989253,0.29131483962169974,0.2902880934106387,0.12662987928298305,0.0,0.0
0.2871492965558493,0.2869005578674815,0.2959371240610505,0.3019786419208157,0.21502270002387966,0.0,0.0
0.3070845564538486,0.29703222206365504,0.3161069162409411,0.31074648212118106,0.21524045297119723,0.0,0.0
0.30376198996247716,0.2913584508205694,0.3068623659971308,0.2998910083814361,0.12871433431388676,0.0,0.0
0.2917177067292301,0.28365833235619053,0.29719765036061385,0.2961332964834599,0.1469998721515406,0.0,0.0
0.29919354471266535,0.2856847567083768,0.30308060620206173,0.2952983640775626,0.10198930866064941,0.0,0.0
0.28922585033086395,0.2759583119157123,0.2908946305765686,0.28611293310528074,0.14492019114824622,0.0,0.0
0.2879798493075566,0.2743371847721446,0.287532956968401,0.2811026624383569,0.1609607711467701,0.0,0.0
0.2759357885057419,0.2646109218265452,0.28417147591358055,0.2781801676753476,0.10343801598287156,0.0,0.0
0.2800888147688579,0.2670423918717372,0.2753470239352249,0.2689946299296645,0.1635879758285253,0.0,0.0
0.2651373780400233,0.2585317726294439,0.2686237799970219,0.271082263469044,0.18289865016278956,0.0,0.0
0.26929050278744804,0.26015278061721775,0.27576717963409964,0.27525735259213463,0.1260442015758683,0.0,0.0
0.2701211694828373,0.2573159307065224,0.2766076185532806,0.26982966910896283,0.09925562406709533,0.0,0.0
0.27136721205333625,0.26217923542926685,0.2774481367559546,0.27191733823947617,0.11429409747819629,0.0,0.0
0.27261305827770155,0.258936989932131,0.274506578763318,0.2694121139281799,0.0884956723917124,0.0,0.0
0.26845989909031615,0.25528961610836204,0.2715652068966008,0.26648951239176943,0.0948745562183285,0.0,0.0
0.2672139711781298,0.2638002811269738,0.2753470494660625,0.27859758049159555,0.1732043760264756,0.0,0.0
0.28258076791001374,0.2731214235677227,0.2845915537395875,0.27943261967089394,0.13245963535786157,0.0,0.0
0.2746897637543997,0.26825827157858007,0.283331008652424,0.2806852140309751,0.09240311850941109,0.0,0.0
0.281750096450166,0.26947399661682353,0.2871127406943186,0.2811026624383569,0.23488488912368616,0.0,0.0
0.2759356512842354,0.2617738974178316,0.2690439848346914,0.26356691085535894,0.36195388346617696,0.0,0.0
0.2647220758114762,0.2544791377052413,0.2711450390283378,0.26607206398438776,0.10313603009241466,0.0,0.0
0.26472198830869526,0.2536685254337609,0.2690439367560865,0.26273183608492684,0.10148389190570302,0.0,0.0
0.26223026605954636,0.25164231900935646,0.26778348048372264,0.26732469393560265,0.0952901830619983,0.0,0.0
0.2667986443582908,0.2581265048844424,0.27534701947745704,0.2731698258261562,0.11217549860183053,0.0,0.0
0.2746897323212957,0.26825824022605654,0.28207036128666596,0.2831902959777365,0.10940604699342722,0.0,0.0
0.2784276060933378,0.2702845733474785,0.2862723929669268,0.284442854746684,0.10422076554970015,0.0,0.0
0.28133483050767616,0.2674476960564172,0.26862381939558605,0.2760924985448342,0.10488987416331584,0.0,0.0
0.2730283594142839,0.2654212656190519,0.28165005866206433,0.27985006807827567,0.10560271286983318,0.0,0.0
0.270951813428916,0.25691070027803276,0.2740864044912886,0.26648951239176943,0.1653672559185291,0.0,0.0
0.2676293274758882,0.2561001967045129,0.26988443023121556,0.26314942685684345,0.1399836556390766,0.0,0.0
0.26389145719003654,0.25164225652738365,0.2686238163517935,0.264401985625791,0.0758356577278092,0.0,0.0
0.2613994910437787,0.2508316797061454,0.2677833654170869,0.2610617933174639,0.09208205560462725,0.0,0.0
0.2614067802031283,0.24881810346973915,0.2660938210266144,0.25896700596020694,0.10688452018683252,0.8009999999999999,0.0
0.25932291279891095,0.25288481535060686,0.2673587679608805,0.26650844687490755,0.12142634195767786,0.0,0.0
0.267241466741348,0.2532915542987693,0.26862382079863345,0.26231876538699245,0.08747292290890668,0.0,0.0
0.2584894307019181,0.24841139445917249,0.26735880421329195,0.2606428856735997,0.11149286994202516,0.0,0.0
0.26140679873312617,0.25247823180407,0.26862384568726827,0.2660895392310434,0.13679063320506155,0.0,0.0
0.2589061287559891,0.24556458811435922,0.2622987487687278,0.2551961609338885,0.17574018672367744,0.0,0.0
0.2539050724591851,0.24271794112660477,0.25513052730089925,0.25142552945437247,0.1268237811883643,0.0,0.0
0.24765361914018408,0.2431246463369628,0.2559738671774191,0.253101444758899,0.12407182161712164,0.0,0.0
0.2514045005971267,0.23946453597176642,0.2585038734633256,0.253101444758899,0.047354400989865986,0.0,0.0
0.24848705445881653,0.23783772754941712,0.25513042643566675,0.24807366325418578,0.06738347099878482,0.0,0.0
0.24723685580403754,0.2345844007444155,0.24669717932814983,0.24053229352175254,0.09179278772372168,0.0,0.0
0.23806799212683927,0.22767080612339946,0.24332378399684024,0.2371804629126995,0.09674681527005194,0.0,0.0
0.23723447975646872,0.2280775016933983,0.2416371410167275,0.24262711647014312,0.16123174495387665,0.0,0.0
0.24473619445772887,0.23417763831159322,0.2513354385667495,0.24933059973258065,0.0952178660917719,0.0,0.0
0.2459865002226762,0.23255092428566604,0.24838376641297188,0.24555989707079717,0.09143439192303274,0.0,0.0
0.24473623123602706,0.2329576379629183,0.2517571543078812,0.24639785472306042,0.04757293687771147,0.0,0.0
0.2472368124809166,0.23417766870325263,0.2534437965760594,0.24974961414984598,0.04129816504520001,0.0,0.0
0.24723676105591563,0.23417761840225332,0.25302209972211065,0.24807366325418578,0.07427888551662187,0.0,0.0
0.24598644722513158,0.23702432821976077,0.25428704835646,0.24681672677579086,0.06499387921920205,0.0,0.0
0.24223557799182616,0.23661768171859748,0.24922708205072863,0.2518444015071029,0.11805133359119448,0.0,0.0
0.25265466734146863,0.2402777907646481,0.2572387434224476,0.2518444015071029,0.08639773550683989,0.0,0.0
0.2505708872688737,0.23824440590195645,0.25597377194596477,0.2522634159243683,0.07610109366288892,0.0,0.0
0.25223792318829585,0.23824440590195645,0.25723877474553464,0.2522634159243683,0.08759053585309057,0.0,0.0
0.24890391730569306,0.2398712299632234,0.2572388747075278,0.2526824659327673,0.06656256740330231,0.0,0.0
0.25182123936886136,0.2451579934881018,0.260612163627753,0.25896700596020694,0.11651761038530507,0.0,0.0
0.2568223810406366,0.24434464647424387,0.26272049082198984,0.25896700596020694,0.0737822147802558,0.0,0.0
0.25723912281897326,0.24393792375778484,0.26145545408182935,0.25603418976841924,0.07583487478728126,0.0,0.0
0.2526547574674816,0.24434464647424387,0.26187716663814103,0.25896700596020694,0.07365268586315898,0.0,0.0
0.25765598095096093,0.24922484144468765,0.26567222480187347,0.26357573745652113,0.11585961570796395,0.0,0.0
0.2630738432398414,0.24922478701987633,0.2682021754485728,0.26231876538699245,0.09340520600072355,0.0,0.0
0.26015643733074884,0.2488180225456969,0.2660937385649986,0.25980485683906906,0.0760359186379661,0.0,0.0
0.2584894686983213,0.2504448480253899,0.26735884261200815,0.2660895392310434,0.08467486532706815,0.0,0.0
0.26557438027087005,0.25207146846266804,0.26862377077542593,0.26650844687490755,0.10919068105991432,0.0,0.0
0.2647409206782046,0.2569516723551524,0.2741055198585641,0.2732120369107462,0.12803567764505236,0.0,0.0
0.2684916947605764,0.2545115268072989,0.26862375603205446,0.2618997509697271,0.19702961911757444,0.0,0.0
0.2597397468972571,0.24841141666733474,0.2677805057787578,0.26441362392651685,0.09748665587672774,0.0,0.0
0.260573262104508,0.24678471979533556,0.26398549383237785,0.25896700596020694,0.13066288232680756,0.0,0.0
0.2555720613359888,0.24597134706700358,0.26440714636700535,0.2610618289085976,0.04322763604379387,0.0,0.0
0.26015643725057813,0.2524781316114691,0.26946710138706315,0.2656704536315106,0.09385658076313214,0.0,0.0
0.2647408920700182,0.25085146107252493,0.26482879169345735,0.2610618289085976,0.10984390170964613,0.0,0.0
0.25723912281897326,0.24434461336597357,0.2631421357590876,0.25603418976841924,0.059005186217153144,0.0,0.0
0.2551553932342653,0.2480048046178746,0.26272053955230085,0.26357573745652113,0.13280294523130495,0.0,0.0
0.2701588318287466,0.2602050866424914,0.27790048925713556,0.27656379633753164,0.14638161648001968,0.0,0.0
0.27390963673168034,0.26671185147181936,0.28253874557737196,0.27991548458204984,0.15637865944731844,0.0,0.0
0.27974444206650856,0.2719987996814503,0.288863874220079,0.287876046687417,0.12492927516798132,0.0,0.0
0.2868293702126382,0.2724053994566994,0.2888638156918496,0.2811724566515785,0.15226381047415927,0.0,0.0
0.28182819580036533,0.2683386323840059,0.28802049156525855,0.2811724566515785,0.24995912954963634,0.0,0.0
0.28891319308311836,0.2740321366072162,0.2871771449982139,0.28033453459044894,0.31123356385839585,0.0,0.0
0.28016105130741403,0.26549179610361767,0.2812737236011674,0.27572576750300104,0.20921679499093745,0.0,0.0
0.2759934796749581,0.2614250794385477,0.2800088050851561,0.27446890220687353,0.13596972960957904,0.0,0.0
0.2743264905053738,0.26142515774202346,0.2800088851044941,0.27363101573687776,0.12787832569504828,0.0,0.0
0.2697420909642103,0.2585783945391011,0.2787438819896168,0.27363101573687776,0.08396918766196486,0.0,0.0
0.27015881788083246,0.2573583100352599,0.2779004752086966,0.27195510043235127,0.0836131788750806,0.0,0.0
0.27182582356714413,0.26020504293766017,0.2804304503872875,0.27446890220687353,0.12101071511400809,0.0,0.0
0.273909708540466,0.2614251190603922,0.28085216973981164,0.27698277516366326,0.15573177870625188,0.0,0.0
0.27641022924344016,0.26955865243893445,0.28296046321861007,0.2853621381394936,0.16213451357480427,0.0,0.0
0.284328828005647,0.27037205992577035,0.28886386062783254,0.2832673507822366,0.07367334785465225,0.0,0.0
0.28141137939127525,0.2687452496462246,0.2850687662220838,0.2786585836947887,0.08612594056698453,0.0,0.0
0.2780773498958495,0.26386520978978784,0.28464719663244514,0.2782396760509245,0.08256738038697695,0.0,0.0
0.27807731098046123,0.26427182910952607,0.2791654671253512,0.2727930224934808,0.10802965664143148,0.0,0.0
0.27265940513419235,0.2593917258895234,0.2795871569629592,0.27195510043235127,0.06771245878940017,0.0,0.0
0.27140915346327804,0.25898507743294974,0.2753705111419256,0.2686033765966994,0.11190530773525191,0.0,0.0
0.2659911105296393,0.25573156585113216,0.2749487725328344,0.270279149536691,0.08268816328549344,0.0,0.0
0.2705756031421163,0.26061177206511926,0.2787438425937507,0.27698277516366326,0.12405830157093196,0.0,0.0
0.2718257937240804,0.25857828762450163,0.277900414774238,0.2711171071889543,0.09896238419521877,0.0,0.0
0.27015878758805767,0.2593916960302397,0.27790044469759706,0.27446890220687353,0.1084444814484629,0.0,0.0
0.27098666054450965,0.26102794320791334,0.28042473894211034,0.2765707721997405,0.11235349344721744,0.8009999999999999,0.0
0.2739138692911381,0.26061993984130394,0.2804247626587748,0.27404849973539325,0.09268998028040155,0.0,0.0
0.2730774731014595,0.26061990199925444,0.28169398582133487,0.2757300028479135,0.05862452435169421,0.0,0.0
0.27224119911135053,0.2589877482121332,0.28000170964748844,0.2727873635032196,0.045695120857850755,0.0,0.0
0.2709867132865618,0.26347628420142505,0.2795786287030242,0.27951348272670185,0.10834911547293856,0.0,0.0
0.27851375333583334,0.2659245926906927,0.2871941884473044,0.2824561932536633,0.128723863272995,0.0,0.0
0.27935001373261154,0.27694179622173337,0.2876172223740922,0.29044337752705157,0.22644064637660372,0.0,0.0
0.29064046204095867,0.27653372346144445,0.29438655042685213,0.2917044781680916,0.21582215868734098,0.0,0.0
0.289386002785664,0.27490156323848924,0.2880403176189293,0.2807745833677418,0.1713726389211003,0.0,0.0
0.2793500980864316,0.2651085268864069,0.27534781637633193,0.2681632210460053,0.21317032002312156,0.0,0.0
0.26596865903893296,0.25449917368936736,0.26900139250264243,0.2639593031046029,0.19117520996412124,0.0,0.0
0.2647142836579795,0.25082686586139896,0.2694246185920602,0.2631186761173109,0.12407659564473099,0.0,0.0
0.2638778218482133,0.2504187375335888,0.26096277886807095,0.25387014206494646,0.1709013851077264,0.0,0.0
0.254678147586185,0.2414416947863955,0.2584242483978499,0.2534497751845998,0.15329769298934998,0.0,0.0
0.2521692060174795,0.24429807407525117,0.2605397391989915,0.2589147937670421,0.12080886922668486,0.0,0.0
0.256768954890679,0.24552213415226082,0.26350127606989965,0.25807395323294774,0.15850919339270758,0.0,0.0
0.25342363268013096,0.24144168324662152,0.2596934985967957,0.2547109114167735,0.14637525747524402,0.0,0.0
0.25091469730788396,0.23817734646335448,0.2563088821579003,0.2509275383113862,0.14114706707136415,0.0,0.0
0.2525873795200067,0.23940149092335272,0.25842430797923077,0.2509275383113862,0.11062903829027941,0.0,0.0
0.2530055170739035,0.24674631647856188,0.2601165936682211,0.2601758944080821,0.10813613655323036,0.0,0.0
0.2596962695335485,0.24797054999342716,0.267309158902354,0.2631186761173109,0.07249721841281341,0.0,0.0
0.26304154205897984,0.24960266337392423,0.2690014606330244,0.26185746870286986,0.10230479550118553,0.0,0.0
0.26011436388696574,0.24878655243584663,0.2681552709602355,0.26437970557608337,0.06676680030443019,0.0,0.0
0.2626232271738859,0.2496025301611287,0.2677320624001832,0.26227769321868155,0.07013145857905652,0.0,0.0
0.26011440515646034,0.24674636303243724,0.26392442728091764,0.2589147937670421,0.08319121212274559,0.0,0.0
0.2563509740919209,0.2447062107369382,0.26519376942211204,0.25933526742078994,0.0827922752795981,0.0,0.0
0.25760539788491993,0.2467463625291768,0.2656167875976827,0.2626982380546968,0.08130543302483248,0.0,0.0
0.25551455011570495,0.24756242832082576,0.2647706038712753,0.25975552752773545,0.07865915132875033,0.0,0.0
0.2580234967586228,0.24633825759496386,0.26138585574717144,0.2563924501204275,0.14420975855164403,0.0,0.0
0.2563508950155904,0.2451141595982459,0.26392442728091764,0.2589147937670421,0.11807279761932611,0.0,0.0
0.25551453539823593,0.24307389519048156,0.2626551297541448,0.2551313138882539,0.04989578775131556,0.0,0.0
0.2542600321418084,0.24144172430564337,0.26138586765100214,0.2551313138882539,0.06495652722718652,0.0,0.0
0.2546781540441319,0.2406255833269017,0.25927041831645675,0.25387014206494646,0.05401063672447473,0.0,0.0
0.2530055052750774,0.2406255833269017,0.2584242548316067,0.25387014206494646,0.12719649907188127,0.0,0.0
0.2496601598600613,0.2422577718863964,0.25757807654182546,0.2568128170007741,0.06812092459165593,0.0,0.0
0.253005478846413,0.2434819046413783,0.2609627522235276,0.25807395323294774,0.10627739754769659,0.0,0.0
0.2559327050602205,0.24307391872892592,0.2575781387293348,0.2526090414239065,0.14792486864501733,0.0,0.0
0.2521690899386181,0.23817723841252553,0.25503950991134255,0.2488255259539845,0.11826351047426432,0.0,0.0
0.247151229460788,0.2340968953697108,0.2520780059746476,0.247564496495212,0.12863485630224633,0.0,0.0
0.24673308339242067,0.2369532433111684,0.2520780387936621,0.24546262650234507,0.16072951724937332,0.0,0.0
0.24046054547064638,0.23287276264545992,0.24827026476622505,0.2463033602630384,0.17174375273134052,0.0,0.0
0.2471512148634894,0.23776931441259092,0.25207799138355713,0.2526090414239065,0.30781566562787005,0.0,0.0
0.2471512148634894,0.24144174773383859,0.2554626793599258,0.2526090414239065,0.3097975936418354,0.0,0.0
0.25258738296925937,0.24021761220390409,0.25630888559391535,0.24924599960773236,0.14473742227525,0.0,0.0
0.2471511970224355,0.2373612378506672,0.2550395963658749,0.24966636648807894,0.08397157467576953,0.0,0.0
0.24715126229376638,0.23409692748533328,0.25080877643133215,0.24546262650234507,0.14960482986463625,0.0,0.0
0.240460531833519,0.22797617115136426,0.2440393657069918,0.23789570233590213,0.23709012705310634,0.0,0.0
0.23795153434922428,0.22920029196772707,0.2461547674498516,0.2404179748002494,0.1604934893243672,0.0,0.0
0.23627888517673423,0.22430377907907123,0.2406546867603575,0.23453266051972788,0.19573904668588432,0.0,0.0
0.2346061126206685,0.22430365740703018,0.23938530114413065,0.2374751930910206,0.13076697522480177,0.0,0.0
0.23836959413704806,0.2255278071791123,0.24361619084576652,0.23957713426615496,0.10360329281870716,0.0,0.0
0.23962422731898858,0.22716010522483449,0.24319322200172572,0.24083841286286356,0.09642338444757387,0.0,0.0
0.239624233627384,0.22797619699413285,0.24530865431143783,0.24125877974321003,0.10841984746599866,0.0,0.0
0.23962414298171675,0.23940143277169446,0.24869325096259204,0.2534497751845998,0.1542195195284941,0.0,0.0
0.2521691950367222,0.24144174773383859,0.2580012037376819,0.2526090414239065,0.12554913491277897,0.0,0.0
0.24924205738685629,0.23572909882164556,0.25461653045916793,0.247564496495212,0.09947255588166408,0.0,0.0
0.24673298941255523,0.23899341255125167,0.2550395673102922,0.25387014206494646,0.07509978911210438,0.0,0.0
0.25049656252952496,0.24225784958791008,0.25673195809016336,0.2572332906545219,0.09755500085598315,0.0,0.0
0.2534236595088894,0.24225779498880923,0.25715500141780706,0.2542905445364268,0.13953228087666805,0.0,0.0
0.2538417557038792,0.24103356979300256,0.25927034428668544,0.25555160958633305,0.05976330180151751,0.0,0.0
0.25635074608586217,0.2496025301611287,0.2647704741597071,0.26227769321868155,0.14736779691133778,0.0,0.0
0.26220517340089017,0.2504187378497096,0.2690014162521933,0.26522047492791034,0.06200270267251021,0.0,0.0
0.2638779258429501,0.25164298387071016,0.2694246185920602,0.2631186761173109,0.07716356305540441,0.0,0.0
0.26178702718410246,0.25694751836294155,0.2711168747119104,0.2727873635032196,0.1453525079924383,0.0,0.0
0.2701475805145251,0.25817724844292717,0.2766041470915925,0.2706783752836091,0.10240333143104247,0.8009999999999999,0.0
0.26846914225646107,0.25490171792018085,0.27023621962685584,0.26688201141441464,0.0949738941848238,0.0,0.0
0.26343422925310006,0.24998861720798005,0.26641560651910373,0.25971135893079106,0.07932270297422875,0.0,0.0
0.2575599314874249,0.24671307413277627,0.26599101343236675,0.26097669491674347,0.06517267610122733,0.0,0.0
0.2583991378363307,0.24466596330979473,0.26386841893999685,0.2584459161714374,0.06852860745338377,0.0,0.0
0.2542032909945194,0.24712256087873963,0.2617458140923747,0.2584459161714374,0.11266659327394889,0.0,0.0
0.2592382824202737,0.24916969679520562,0.26811364401572246,0.2630857899097552,0.07913437713309521,0.0,0.0
0.2613362738978042,0.2536734825919153,0.270660818451208,0.2694129325242555,0.11063222734072244,0.0,0.0
0.2684692071963976,0.2565394915555296,0.2736324586354866,0.2694129325242555,0.08918307507912712,0.0,0.0
0.2676299761316571,0.2581771665977642,0.27150978559363376,0.2664602208887193,0.16227595846481402,0.0,0.0
0.260077514613666,0.24630369099871158,0.2651420066454179,0.2601331494564864,0.14608440461717215,0.0,0.0
0.25714029493951557,0.24589418123999024,0.2638683363759313,0.2576021927555119,0.08815713654587835,0.0,0.0
0.26007750263602625,0.24712256683286515,0.2664155643373684,0.26224217326723065,0.1257501787634638,0.0,0.0
0.2592383031816021,0.24998857232040517,0.26768913054576743,0.26182038274153535,0.08709863914433384,0.0,0.0
0.2575598985085166,0.24507529945547057,0.2642928764121232,0.258024018872341,0.11813319861663955,0.0,0.0
0.2554620517078773,0.2475319721414867,0.26386841893999685,0.2584459161714374,0.12308165009872211,0.0,0.0
0.2579795133828997,0.246303647367893,0.26301935729505654,0.25928949722282824,0.10457599139605649,0.0,0.0
0.25672082528910556,0.24384708838885388,0.2596232220342576,0.2533842163162907,0.08652090541916105,0.0,0.0
0.25000747911369453,0.23688682611300954,0.25198185901856246,0.24579170212470436,0.14414458352672121,0.0,0.0
0.24455279332299334,0.23320185318650416,0.25198178131962784,0.2483224808700103,0.09139306794004623,0.0,0.0
0.24748984346480019,0.23647727035526311,0.25325531495746384,0.2512751213232791,0.05675148235944284,0.0,0.0
0.25000734390118845,0.23811495990759668,0.25452886381207623,0.25254052849149894,0.06603410164305798,0.0,0.0
0.24623110190185377,0.2344301027596738,0.2536798349307918,0.247057002519523,0.07370036885092116,0.0,0.0
0.2479094387025073,0.23483952537323338,0.2515572420808721,0.24494797870877877,0.07175260377852828,0.0,0.0
0.24329410953552777,0.23320192904074472,0.25155735818375746,0.24579170212470436,0.09915151207299068,0.0,0.0
0.2466507202732221,0.2344301554555555,0.24943467936005298,0.242417164372339,0.1115858489037448,0.0,0.0
0.24413315960697396,0.2307452207882757,0.24901010565628917,0.24199533825550995,0.08172661683663955,0.0,0.0
0.24077648797272372,0.23115467640227172,0.249010117822414,0.2462134214681322,0.07803295167528744,0.0,0.0
0.24287439906074093,0.23115466449477695,0.24943464004780225,0.24199533825550995,0.1122279365210916,0.0,0.0
0.2374198545033746,0.2254226761632227,0.24349138950368882,0.23819911675085054,0.2925363902641536,0.0,0.0
0.2382589613089922,0.2266509200811474,0.2439158342359019,0.23651181228353413,0.33651385418038204,0.0,0.0
0.23406316612035355,0.22091892057160128,0.232453792556511,0.22849750756625237,0.21666372427431674,0.0,0.0
0.2302869096118101,0.21928120331043655,0.23754809730129955,0.2339810335382282,0.11321730600285278,0.0,0.0
0.2340631819341561,0.22050949222562238,0.23287834253865297,0.22681027428120343,0.16791419964811596,0.0,0.0
0.22734980007432093,0.21682458274517313,0.23457639999314722,0.2318719741363502,0.08954385789362072,0.0,0.0
0.22860853739903297,0.21723400349860916,0.2354254116606574,0.2297629147344722,0.09457892933264728,0.0,0.0
0.22860862797324716,0.21846239153876634,0.2354255027152583,0.23145025479292225,0.09296891716556051,0.0,0.0
0.22734976770881427,0.2176434058607874,0.2337273322587916,0.22891929809194772,0.10452194940351868,0.0,0.0
0.2223147520317283,0.21068311617416458,0.22905761541250708,0.2251230409961545,0.07057807840996619,0.0,0.0
0.2260910105081399,0.21436795681898663,0.2303311613777021,0.22934108861764307,0.09752639488254794,0.0,0.0
0.2307065076670078,0.21969064711949182,0.23627452750364714,0.2339810335382282,0.1703331994377723,0.0,0.0
0.23532194962920489,0.22255665293444576,0.2354254551301183,0.23355924301253284,0.29998251751089455,0.0,0.0
0.23112607241812938,0.21969064711949182,0.23797259810325805,0.2339810335382282,0.09589333371016324,0.0,0.0
0.2365805890360279,0.22665087365599373,0.24391578687128407,0.24157347654754724,0.12509298612276104,0.0,0.0
0.2390981098247706,0.22787913963109163,0.24561389053659055,0.24157347654754724,0.13140033591967867,0.0,0.0
0.23951777745702213,0.22951698342328514,0.24816113330679107,0.24452622377421707,0.03885533330971781,0.0,0.0
0.24287439906074093,0.22951692216688363,0.24773653617763008,0.24199533825550995,0.0620766046199029,0.0,0.0
0.24119604179115334,0.2307451891792177,0.24985910832865416,0.24536976923447412,0.06178099683033211,0.0,0.0
0.24371360711920748,0.2323829750671219,0.25240629198703757,0.2462134214681322,0.07331970698546222,0.0,0.0
0.24539189945445294,0.23156405550532105,0.2464629462401809,0.24030806937932736,0.16801750960558223,0.0,0.0
0.23993735212946288,0.2278792178940794,0.24773657529598392,0.242417164372339,0.04370841881627603,0.0,0.0
0.2420352845250242,0.23074526803089013,0.24901015398380433,0.24326078101486354,0.08923631503502656,0.0,0.0
0.24161568038996167,0.22787922070106076,0.24518943891177808,0.2394645239190703,0.07400791170951532,0.0,0.0
0.23741975158652623,0.2266508737107259,0.2417931826170478,0.23862080050314477,0.07726211808137178,0.0,0.0
0.23574144691721372,0.2254225952645968,0.2430667723992861,0.24030806937932736,0.048526558440733836,0.0,0.0
0.23825906171183403,0.22460383198060757,0.2447650038630549,0.23904276898450866,0.045849283757411805,0.0,0.0
0.23741975158652623,0.2246036879229743,0.24391578692712373,0.23862080050314477,0.07079502932064537,0.0,0.0
0.2365807284281236,0.2254227122192033,0.24221785652705324,0.23524647629758172,0.09733407795433299,0.0,0.0
0.2357415655856232,0.2254227122192033,0.2417933220109023,0.23524647629758172,0.12275663429907775,0.0,0.0
0.23322401939404497,0.22337550154385455,0.2409442621210257,0.2360900929401062,0.07490510426619519,0.0,0.0
0.23322392829151894,0.22255655676685215,0.24094417029497278,0.2373554289260586,0.13235474042322898,0.0,0.0
0.23532194962920489,0.22337550804606204,0.24094426876213265,0.23355924301253284,0.10539450797773432,0.0,0.0
0.2319651885461783,0.22339416976946336,0.23668278628010864,0.22974842914304883,0.14241776045208893,0.8009999999999999,0.0
0.23112283881305412,0.22010622246840872,0.23583052646169056,0.23482941939267088,0.12820414353133103,0.0,0.0
0.2336499968975782,0.2324360587634856,0.24264882087890438,0.24795535832570625,0.2848748970838998,0.0,0.0
0.2462854587913319,0.23490190814970247,0.25372836621613,0.2496489268325569,0.1516280627654777,0.0,0.0
0.24881248906236453,0.23531286955550473,0.25117148800496925,0.24499132870964757,0.11608689761438977,0.0,0.0
0.24375834820962433,0.23325795852100073,0.24904083925225207,0.24541479201862765,0.0811989531130336,0.0,0.0
0.24081004699831854,0.2307920085470212,0.24648400285427463,0.24541479201862765,0.10906115214281752,0.0,0.0
0.24038895234717356,0.22832612462538077,0.24392723350926043,0.24372118792064323,0.2166859712429763,0.0,0.0
0.23996774910740254,0.2270931418450507,0.2430749581432357,0.23609973813734392,0.1269104011453083,0.0,0.0
0.2349135047205692,0.22421618999468362,0.24264877518359657,0.23864019767102118,0.10130112303270676,0.0,0.0
0.2361770115372207,0.22339417231248548,0.23881350826940234,0.23186549655001348,0.17064551632397582,0.0,0.0
0.23364984675171374,0.2258600307750933,0.24222255221651062,0.23991030286889176,0.13279738826316767,0.0,0.0
0.23870420128667008,0.22832612225829035,0.24648406799221423,0.24075730066911943,0.0676854568892417,0.0,0.0
0.2399676827371749,0.2283260518827464,0.24776241418473033,0.24118062161356474,0.08127363800095423,0.0,0.0
0.23659817572965997,0.22462708398738068,0.24179643011201507,0.2352527759282499,0.11205549864384197,0.0,0.0
0.23322878497784422,0.22380518276751943,0.241796502827545,0.23567627482836373,0.08646369347229063,0.0,0.0
0.23364993986853977,0.2209282557005009,0.2371089732878382,0.23059528457874168,0.18385622462067244,0.0,0.0
0.22943796920201587,0.2168181814594341,0.23242130209643563,0.2259375796824311,0.32675123506481263,0.0,0.0
0.2281745983747368,0.21681835974318953,0.23327375082476465,0.22678461307379255,0.20807007355917218,0.0,0.0
0.22817453267301957,0.21681829521995072,0.234552103243456,0.23186549655001348,0.20564868675571119,0.0,0.0
0.22985931803223342,0.21969528416723,0.23796124444166805,0.2331357797035527,0.15720431797429987,0.0,0.0
0.23280751764119467,0.22133916205707954,0.23966574470880586,0.2352527759282499,0.1174235489605653,0.0,0.0
0.23533463437024726,0.22955899452019463,0.243501010170376,0.24202744145812394,0.2775034547250795,0.0,0.0
0.23870420128667008,0.22750414965071808,0.24435338186201933,0.24075730066911943,0.20583384264251212,0.0,0.0
0.23870410372044515,0.23120297833621262,0.24648396964648933,0.2466850039898995,0.19158367576637703,0.0,0.0
0.24207359988446925,0.23161398099773506,0.24989310677685567,0.24541479201862765,0.10433996347105033,0.0,0.0
0.24333711276259146,0.23079196936347923,0.24861464854616133,0.24202744145812394,0.09821299553332428,0.0,0.0
0.2441795779162294,0.2307920746880452,0.24989317460107452,0.24287436807608415,0.10206559762184679,0.0,0.0
0.24123124717651856,0.23572391323367314,0.2503192622461915,0.2496489268325569,0.15642156840747126,0.0,0.0
0.24712786675556703,0.24846468469111532,0.2554329860887238,0.26192801032989943,0.28866629613847045,0.0,0.0
0.26271166040713834,0.25134159965251646,0.26310345727728457,0.2572704477981238,0.24200758554794904,0.0,0.0
0.2555513848585288,0.24147768201135017,0.25713736495623263,0.2509190676215614,0.3538767825383638,0.0,0.0
0.24754901225331655,0.23860083371475027,0.25671135389477995,0.250495746677116,0.08320154311849222,0.0,0.0
0.24839126640914339,0.23983370633184503,0.25713736635827145,0.2513424953394077,0.10122880606248037,0.0,0.0
0.2509184090742815,0.2398337433333556,0.25884197266105285,0.25261277849294694,0.0679969526426964,0.0,0.0
0.25091844057654067,0.23818982956842993,0.2562851682362259,0.2500723189592697,0.10185342073877696,0.0,0.0
0.24754900801907842,0.2349019045496602,0.25372836252848374,0.24710843170774593,0.0912945320101893,0.0,0.0
0.24123130996104314,0.23161404770083532,0.24904090731733752,0.24372118792064323,0.1378205437292813,0.0,0.0
0.24123124174295812,0.23120301039820723,0.24776242035593338,0.24583818414534042,0.10697432919421958,0.0,0.0
0.23407114770536236,0.22627113809199684,0.24137035738508278,0.23948701751558027,0.28256715123365167,0.0,0.0
0.2365982455772908,0.22380517998819094,0.2383873958678106,0.23271238757683999,0.24795415253037306,0.0,0.0
0.23280759125938133,0.22586013208052125,0.24094423701128004,0.23694652239076924,0.13770770481270675,0.0,0.0
0.23280755739833264,0.2233941810937179,0.23923963401786202,0.23736991451748196,0.27136617488771725,0.0,0.0
0.23744064289230293,0.2238052188442492,0.24094427204630575,0.23609973813734392,0.26637399331273304,0.0,0.0
0.2441795779162294,0.23572397560629027,0.24989317460107452,0.24287436807608415,0.5061847432198544,0.0,0.0
0.24460071581171067,0.24065578602102644,0.2528761040985073,0.2534596695197735,0.3037914086026259,0.0,0.0
0.2513396406377429,0.24065578423641604,0.25628520631074325,0.252189421957368,0.19715517604370028,0.0,0.0
0.24839137919025556,0.24353274323254687,0.25756363102082075,0.25769380433370276,0.13364053882730975,0.0,0.0
0.25681508720462437,0.24476575055628436,0.2609727678950538,0.2547299526733127,0.18106930007121894,0.0,0.0
0.25260323881592744,0.24558772936733447,0.261825041885425,0.2610811548942066,0.17802646854579393,0.0,0.0
0.25723622393935947,0.24805364835752042,0.26608641578285036,0.2636216144278839,0.14217459058177923,0.0,0.0
0.2639751518081197,0.2513415391987555,0.2686431861242974,0.26531525411700213,0.1481259315918126,0.0,0.0
0.26397518549151044,0.25134157221917647,0.26906937047319146,0.2640450421457303,0.10814010854420132,0.0,0.0
0.2643963202392879,0.2903856770100268,0.2733307484539612,0.2962245165591797,0.7273698344663215,0.0,0.0
0.28966733879281154,0.2768229794319468,0.2886717274397954,0.2924137738719632,0.4182727052514399,0.0,0.0
0.290509695630065,0.2780559538111369,0.2908024125327488,0.2915669540274042,0.20448527532342364,0.0,0.0
0.2896673369189411,0.2776449500224415,0.29463766575736283,0.2911435263095577,0.16396067461593183,0.0,0.0
0.28840376670382,0.2907966542799451,0.29762060137868945,0.3046927505959045,0.3198192705915984,0.0,0.0
0.303145206298401,0.2903856860231563,0.3082740979474281,0.3038459663424791,0.17010750250851278,0.0,0.0
0.2985122567199,0.28874177435407006,0.3040127931042528,0.3004587225553764,0.16373577972331071,0.0,0.0
0.2976698179439891,0.2854537715315177,0.29932518965045757,0.2924137738719632,0.18537486189931632,0.0,0.0
0.292194411079345,0.279699899257858,0.2950637844716931,0.2924137738719632,0.1543498504822293,0.0,0.0
0.2930367710137631,0.30435933359313316,0.30230811157826537,0.319935685753637,0.41690586295466286,0.0,0.0
0.31367480621703664,0.3010714729406614,0.3155184711235166,0.31400794684172334,0.18110665206323445,0.0,0.0
0.3153698968477993,0.3014975930167919,0.31635366791448927,0.3101854590803797,0.1385572143816245,0.8009999999999999,0.0
0.2967808031244662,0.2841828557202239,0.2847223956617046,0.2800305151262273,0.40007936343497774,0.0,0.0
0.2815715329583912,0.268929447314857,0.28044789654795355,0.28470242088489145,0.16730866198614633,0.0,0.0
0.28368394820082854,0.27552551735419434,0.2902792407974354,0.28342825829777696,0.12186977273814449,0.0,0.0
0.2811491197956382,0.26810495682537877,0.2834401065283428,0.2787564237213803,0.1230117201423004,0.0,0.0
0.27354440087365584,0.26563137876968823,0.28044786685562406,0.2817293867120021,0.09395908868396004,0.0,0.0
0.2819940501133408,0.26769270365292247,0.28514990144949903,0.28130471330447554,0.11458019540476928,0.0,0.0
0.27903667664776083,0.26975394071624076,0.2885694610201072,0.28342825829777696,0.08094306523317257,0.0,0.0
0.28283895529762715,0.26934166371550866,0.2868596372913647,0.2800305151262273,0.10173025082645579,0.0,0.0
0.27819166395447203,0.2779990246161276,0.28771450701120316,0.28767541946664704,0.1819649076507325,0.0,0.0
0.28410636554495694,0.2714029368519038,0.29070666199645023,0.28427767629509754,0.10191301969945205,0.0,0.0
0.28495137870074977,0.27387647133810383,0.2928439340717625,0.2872507104679868,0.18431873241546604,0.0,0.0
0.2849514467975263,0.27676234355725754,0.29284400266715865,0.2923473964075786,0.17230399441935268,0.0,0.0
0.31114508666564417,0.2965505541070948,0.3120791879869984,0.30721242490749034,0.31216255143895394,0.0,0.0
0.30396291514465673,0.2932524640330542,0.30823211415881613,0.3097607144905857,0.27423813441694844,0.0,0.0
0.3081877861768468,0.29778736129612576,0.3163537105565657,0.3093360766741929,0.16979043069081037,0.0,0.0
0.30903258461114436,0.2953136756160783,0.3154986691054485,0.30806177172254345,0.04849953744446493,0.0,0.0
0.3064978288810273,0.29242799414503906,0.3116517398555697,0.3055135889128493,0.14377744170745196,0.0,0.0
0.30269556255839314,0.28912997696979925,0.3035302230812648,0.29999226515686456,0.2450233960771051,0.0,0.0
0.2950908673819426,0.28706865673197524,0.3039576345345036,0.29744393998263563,0.21719058596128432,0.0,0.0
0.29551337898472013,0.28212160165540834,0.30310273106784874,0.29701923098397537,0.14891821011774947,0.0,0.0
0.2988931894817295,0.2854196208700076,0.304812524392894,0.29744393998263563,0.11314579106926474,0.0,0.0
0.2972032187318205,0.28706861854694404,0.3060948371344411,0.30254048355769253,0.10529436797460064,0.0,0.0
0.30016063660511655,0.2911912036708695,0.30951447599856674,0.30593826232037585,0.11333730596084131,0.0,0.0
0.3060753109220977,0.2907789322903758,0.30310268002120655,0.2965944508030476,0.11572850181370083,0.0,0.0
0.2934009837258635,0.2837706656729404,0.30224786980929375,0.29786868457242954,0.098987018177683,0.0,0.0
0.2955133287346377,0.2866563597847733,0.3043850321524113,0.3038146461448071,0.14530957993617505,0.0,0.0
0.3031179911090515,0.2911912186068478,0.3116517329523636,0.3063630069101698,0.11330631297360143,0.0,0.0
0.30354045888554315,0.2965505373361002,0.31165170911687534,0.31188429507502075,0.15477659126217364,0.0,0.0
0.30987771207819403,0.30108542761460544,0.31806355173390566,0.3174057256044066,0.1869991770531207,0.0,0.0
0.31368002543348467,0.3089182663722227,0.32276548818915096,0.3233517583590515,0.17564642482142986,0.0,0.0
0.32297449027078656,0.3101549571186746,0.32917716829040145,0.3220775245896695,0.13318439003729182,0.0,0.0
0.32212960413929137,0.3138653259471416,0.33045954973079017,0.33014720911101697,0.12142395494387319,0.0,0.0
0.33100160221895886,0.32334712287967216,0.34029084816314226,0.33991565844473803,0.09271938829047513,0.0,0.0
0.3386062413061775,0.32705742394699655,0.34670260176128725,0.34288865702649357,0.07609234764430858,0.0,0.0
0.3394512495786498,0.3357148314407123,0.34969479290413086,0.3539313757207304,0.1301129525384316,0.0,0.0
0.35128065585155316,0.3386006172390671,0.3543967192524749,0.34713588937763123,0.09449630046278469,0.0,0.0
0.3457883672507561,0.33571474566724346,0.35525157501979315,0.3513829793642339,0.0634895449272758,0.0,0.0
0.34494348531827057,0.3307677698184259,0.3458477181184625,0.34713588937763123,0.15629203949037446,0.0,0.0
0.34536585890261323,0.33447799299324,0.3531142825485718,0.34883465419000487,0.07957383592259086,0.0,0.0
0.34916826567379233,0.3348903107591166,0.3526869393826182,0.34713588937763123,0.0990720531574607,0.0,0.0
0.34578837714679433,0.33159221505256803,0.3505496400857612,0.34756052719402397,0.11924495507019396,0.0,0.0
0.34367612329764574,0.3431355050312486,0.3531144469538598,0.3598774796576428,0.2558159066207838,0.0,0.0
0.3576178796656458,0.3439599464001572,0.3539693106197413,0.3539313757207304,0.3731985708089026,0.0,0.0
0.32170704960635405,0.3151019992156273,0.32490265121607675,0.3292977199314289,0.5709088898791284,0.0,0.0
0.3305790832981723,0.3171632520461927,0.3347339522255537,0.3288729397505013,0.17088074221234356,0.0,0.0
0.32931168034711145,0.3221103309678074,0.33943593474506023,0.33821675126782963,0.12362441884568405,0.0,0.0
0.3381836655810658,0.3315921475586412,0.34798486828676645,0.3496840365961917,0.23285766513576328,0.0,0.0
0.3474783295572335,0.34973150003605064,0.3573888810213153,0.3687964398117759,0.2960186614829638,0.0,0.0
0.3660674211785857,0.3699320059982789,0.3766240956137489,0.38238737690684055,0.40811672535697074,0.0,0.0
0.3977534284463569,0.40208798512180227,0.4082554171059443,0.41509064603522206,1.0,0.0,0.0
0.4159199789942825,0.40250017432017476,0.4185141527757141,0.41891306261429806,0.42739959575443814,0.0,0.0
0.40958283767473663,0.39837766216387543,0.41765929196764634,0.41254232086099285,0.4420931743149294,0.0,0.0
0.403245529662626,0.3884834094887887,0.3924396496450743,0.3857850488961227,0.4704679511410737,0.0,0.0
0.3863464586764267,0.3818874466099316,0.3911574121493623,0.3942795135983978,0.20158549276128512,0.0,0.0
0.397753376507101,0.38477320238417767,0.4056906610265823,0.40319850934366464,0.11889448415533653,0.0,0.0
0.39183872458740915,0.3987899549218888,0.4001338866283527,0.40914461328057694,0.33224247438996757,0.0,0.0
0.4091603146234239,0.39219378708522573,0.41082007317833596,0.4074457061036685,0.16369525777696256,0.0,0.0
0.3901486969624543,0.38106286125717725,0.39457695568791346,0.38875808306901205,0.24149899883867004,0.0,0.0
0.3867689196436141,0.37776487523523694,0.3838907665330099,0.37686605315085586,0.19030742541751494,0.0,0.0
0.3757844119916006,0.3691074616925126,0.38474562413577873,0.38620982907705037,0.1372610849817971,0.0,0.0
0.38338800381330246,0.36663401316039873,0.3735769538820834,0.37002821335863195,0.26935564090031666,0.8009999999999999,0.0
0.3689858228319651,0.3600204358331796,0.3757196706874082,0.3704539189090363,0.1548290291814347,0.0,0.0
0.3685624271865217,0.357953921069273,0.37871986969797344,0.37641575412705214,0.10082669926500025,0.0,0.0
0.3749162540638586,0.36126063254910906,0.36929128186445814,0.37087994477964414,0.15536782593742565,0.0,0.0
0.3757633045825242,0.36663393682502565,0.38214833612709376,0.3823773046159983,0.14257669737925932,0.0,0.0
0.38084640707773665,0.36911396075712405,0.38557693428851264,0.37982232389976395,0.10711021711609202,0.0,0.0
0.37152747549865484,0.3678740037320704,0.38171980095056485,0.3853581688383056,0.07413505361280745,0.0,0.0
0.3833880047337461,0.3695273671103303,0.38943415296378175,0.38408069627575525,0.07023557057316115,0.0,0.0
0.38042283405243277,0.3674606535458712,0.38557696255385154,0.3853581688383056,0.0927670712782373,0.0,0.0
0.38211721387779046,0.3906076162508272,0.3911484037958201,0.4006881599091129,0.24473015620522853,0.0,0.0
0.39821359892693203,0.3839942155761069,0.4022913096008786,0.40153985573899154,0.15627376451268585,0.0,0.0
0.40160229402776065,0.3873008713456555,0.4078626943772113,0.3994106161642953,0.14024271347327025,0.0,0.0
0.3965191875508345,0.3831674430161137,0.40357695655072695,0.40111393664178485,0.11249734444714231,0.0,0.0
0.39736639309563676,0.38192746132505495,0.40057700151517767,0.394726467055632,0.14865598232922322,0.0,0.0
0.3935541413790028,0.39722105114563394,0.39971989102550565,0.4130373579398805,0.23988182563016924,0.0,0.0
0.40837971042707627,0.3972209775107742,0.4155770146665801,0.41218562651886825,0.10205209667176755,0.0,0.0
0.4071089094203358,0.39143420919580185,0.4061483903541205,0.39983642848810075,0.13025519946507974,0.0,0.0
0.389318203908939,0.38068744363120083,0.39629125525680436,0.394726467055632,0.1258081927469726,0.0,0.0
0.3960955931449868,0.3860608351493704,0.404862683837271,0.40239144479546884,0.12645663936909504,0.0,0.0
0.3994842988107117,0.3963942898252126,0.4070055362135248,0.4151664195589082,0.13812967156504177,0.0,0.0
0.41642794210431583,0.4054877932327519,0.4215770747661424,0.41346317026368606,0.2948242570634364,0.0,0.0
0.4121920142046965,0.3997010060476887,0.4138627025730474,0.4177214358662763,0.25120121695692593,0.0,0.0
0.40922700124826267,0.39184770855256706,0.40700567653361536,0.408353244422351,0.17937345088771608,0.0,0.0
0.40795617872290996,0.4054878209657395,0.41600566946968726,0.4189990152022277,0.23612617449433737,0.0,0.0
0.41134481451422095,0.4063144144706276,0.42157702800421265,0.4181472837812156,0.13250892241890047,0.0,0.0
0.4168515342100542,0.4001143957893673,0.41000561485824066,0.40494649669397065,0.14091898312829998,0.0,0.0
0.4049909942283528,0.38854088002065357,0.4027198375479782,0.4040948008640921,0.16128500400588655,0.0,0.0
0.40414376822371395,0.3926742271178934,0.41257699251314367,0.4066497459891928,0.07565130387764664,0.0,0.0
0.404991029416737,0.3918476174550719,0.41257705148860596,0.41090815395631797,0.0586571023161004,0.0,0.0
0.4088032712111112,0.3914342326507231,0.4091484056499545,0.4040948008640921,0.10591978468753559,0.0,0.0
0.3999079281153511,0.3901942295753152,0.40743414919488047,0.4070756294952659,0.11535022696204657,0.0,0.0
0.41134484832159773,0.3947409713395947,0.41686276493244706,0.4113339662801234,0.23676350718018524,0.0,0.0
0.410921280638557,0.4001143924512131,0.41686276493244706,0.4113339662801234,0.20874078624606462,0.0,0.0
0.41092128349983953,0.398874377542843,0.419862759674893,0.4117598141950627,0.14630294050501763,0.0,0.0
0.41303922330659454,0.3968076599412243,0.41300560673755476,0.40494649669397065,0.0958273757447125,0.0,0.0
0.41642788374400835,0.4187145463912198,0.42457700799109394,0.4360322555682573,0.38082192905661294,0.0,0.0
0.4371838235128677,0.4216080130843552,0.43657712438661206,0.4313481776418615,0.24607872352431703,0.0,0.0
0.43040634903087976,0.4307013996966405,0.4412913664249862,0.44795560568408554,0.2950936649894871,0.0,0.0
0.44862080647207175,0.43938159630782153,0.45329150771402554,0.45519484228238427,0.17384487866665607,0.0,0.0
0.4422668784526796,0.4278080432227686,0.4498628545594752,0.4471039454453407,0.1895922187933034,0.0,0.0
0.44353762443107897,0.42739470198602497,0.4490056945203293,0.4424197607455438,0.14697682314624266,0.0,0.0
0.44269043074612274,0.4348347507534998,0.4455770932914587,0.43773557604574687,0.1095125269052261,0.0,0.0
0.43548944667706396,0.4236746602157681,0.4348628145945664,0.43092229413578853,0.22088186410883176,0.0,0.0
0.430406414468777,0.42326135881249166,0.43529141433009316,0.43347734603429033,0.21411280855375892,0.0,0.0
0.45370370481752004,0.4385547812513921,0.45500566436733586,0.4534913794403598,0.3755770486522108,0.0,0.0
0.45073867284274977,0.4335947852330761,0.44857713748009626,0.44071647585918794,0.19106317308418508,0.0,0.0
0.430830016842821,0.41582128560150816,0.43400572875051907,0.4339031583580959,0.33760892063341413,0.0,0.0
0.43167718557724094,0.4286347810940822,0.44086288242847965,0.4475298289514136,0.2149607140493999,0.0,0.0
0.4426904886171729,0.4352481585642051,0.4498628634462704,0.455620619015056,0.23554605375535992,0.0,0.0
0.45539809994466734,0.4501283134302689,0.4657200020413493,0.4713763868185352,0.27194469155341794,0.0,0.0
0.47191811009279566,0.46004845301382274,0.4777201015085705,0.47733807967201625,0.30474661514281454,0.0,0.0
0.4740361040836805,0.4567418032366281,0.48200583516772005,0.4743572866319763,0.08853779841133728,0.0,0.0
0.47149449822768824,0.457155056577835,0.47857722691296994,0.4752089112795874,0.16755183185645606,0.0,0.0
0.47234176293675006,0.45839513547562255,0.4807201114946163,0.4803189794854573,0.07965012488378823,0.0,0.0
0.47869563807625276,0.4608751938410412,0.48629156810670043,0.4781898110930284,0.07688384322971752,0.0,0.0
0.4723416952185529,0.4530216807037631,0.4717200342030337,0.46754389794861684,0.16163068179702417,0.0,0.0
0.46683502590480846,0.44764827243578414,0.46443427584573566,0.46371137348756475,0.15174409073249526,0.0,0.0
0.4625991605549444,0.4505416709745475,0.4700057549546321,0.47222811823954747,0.06613741160052426,0.0,0.0
0.4676822465176969,0.45219504381471004,0.47772011680152177,0.47350559080209786,0.13146073691699214,0.0,0.0
0.4698002581025505,0.45839517103665434,0.47857732533787817,0.4807448274003966,0.06942499797342527,0.0,0.0
0.4791191989953894,0.4687286117400647,0.48886300256189336,0.4841514327642419,0.08086200224436586,0.0,0.0
0.4770011490676663,0.4596350940938055,0.48286294132169244,0.47606053592719844,0.07550508496002754,0.0,0.0
0.47318886250832254,0.4538483465992161,0.4751486425384484,0.4666922733010058,0.0834669599574615,0.0,0.0
0.464717143582347,0.44888837881327975,0.4704343835954428,0.4671181568070787,0.1364020464537711,0.0,0.0
0.4638690512159945,0.45345376057498793,0.47342863824733455,0.4666913835226628,0.07320925508269237,0.8009999999999999,0.0
0.46471809137897985,0.4488967680550367,0.4712808691178763,0.46541095689601386,0.05477828126794736,0.0,0.0
0.47066179522197,0.4671247393281575,0.48201940399098725,0.48931143533071864,0.1393328220031495,0.0,0.0
0.4893416806069855,0.4725101514691585,0.49447593886698743,0.48845778198848566,0.06825602957300046,0.0,0.0
0.48594538434725615,0.46629616142421254,0.48631477971322284,0.4786415693533146,0.09056819235359274,0.0,0.0
0.4736336141895237,0.45511083618357423,0.46784460204756523,0.46839858343372764,0.08521604909686378,0.0,0.0
0.46471812920972383,0.4526251905388042,0.47128090704834097,0.4739468852690708,0.11288037423029547,0.0,0.0
0.46853895237731896,0.45511073203480396,0.48030117300287284,0.4765075605667001,0.07405956668824845,0.0,0.0
0.4689634755909797,0.4517965970809817,0.46440818086196395,0.46114293932278483,0.2562251744596779,0.0,0.0
0.4617462296612233,0.44889670884109495,0.46569679936944924,0.4598625838784033,0.06370491086078868,0.0,0.0
0.46132176418464804,0.444754065346645,0.46913320785982177,0.464557410327182,0.04372510881679831,0.0,0.0
0.460472734803469,0.4555251873732807,0.47128095405279696,0.4769344762156509,0.06688282827144777,0.0,0.0
0.47405802545374215,0.4621533767696055,0.483307930750605,0.47522716953118493,0.07119713611812549,0.0,0.0
0.4715107959915354,0.45386795649478656,0.4781534879458889,0.4705324498558072,0.05336375598340816,0.0,0.0
0.4681145108929143,0.45718219687135647,0.47729449216043757,0.47949518710441397,0.03951729997802993,0.0,0.0
0.4736334910273217,0.45842491586751416,0.48116026092656544,0.480775471366528,0.05572076979858473,0.0,0.0
0.48467165611699253,0.46919595811874776,0.4867442773685056,0.4901649463084168,0.09183491374334656,0.0,0.0
0.4833981594584093,0.465053396329176,0.4867444190775479,0.48248277805099404,0.06454884436545869,0.0,0.0
0.4778789375360534,0.4683674565869845,0.4867442765232756,0.4897381730240009,0.04193152574007693,0.0,0.0
0.485945395805041,0.4799671598838225,0.4949056336818582,0.4974205192370922,0.0809406782193679,0.0,0.0
0.4923134850858269,0.48908102332254894,0.5039258876220145,0.5123582604231904,0.105472381916098,0.0,0.0
0.5088707218381935,0.4986092416392575,0.5176711515060468,0.5123582604231904,0.06976114680545466,0.0,0.0
0.5054745146378048,0.4882525725269444,0.5112281558348233,0.5072368386456644,0.04299640124250752,0.0,0.0
0.5020780753388645,0.48659545973035173,0.5112281094323086,0.5051027942679162,0.04424324358129601,0.0,0.0
0.4991062070086351,0.4824526931049273,0.5034963054660999,0.49784725693037457,0.06040857846930735,0.0,0.0
0.49825715281797706,0.49778074074468454,0.5095099625043333,0.5196137977607321,0.09370638985454206,0.0,0.0
0.515238915741191,0.4961236080323837,0.5202483970078422,0.5123582604231904,0.038451622438960956,0.0,0.0
0.5092955130021312,0.49612380547817564,0.5185303892202091,0.5179067758053358,0.03787152079609393,0.0,0.0
0.5118426103823149,0.5023377117115033,0.5189597941154724,0.5247352907205256,0.06865813637048059,0.0,0.0
0.5245789670002668,0.50399481384396,0.5245438389897119,0.5170530156897016,0.08078810029697316,0.0,0.0
0.5169371635817334,0.5015092094810809,0.5262620102388853,0.5238817441516938,0.09699873115894199,0.0,0.0
0.5237298728307891,0.5073089685183771,0.5344231885847366,0.5302835925558689,0.03997978867671306,0.0,0.0
0.5271263575194841,0.5073091243556422,0.5254030551376543,0.5174799669297862,0.055096155122288146,0.0,0.0
0.512267151627404,0.4994378448912096,0.5215370572564408,0.5208941532051137,0.04414946258293799,0.0,0.0
0.5415606765139522,0.5234654507427614,0.5382889857149886,0.537539058711143,0.20876620316905678,0.0,0.0
0.5334944226544003,0.5160086505503592,0.5387186057188864,0.5371123210178608,0.1214525609173084,0.0,0.0
0.5322207770674496,0.5118659429636845,0.5357118351300929,0.5354051566979297,0.08213508263889532,0.0,0.0
0.533918957559662,0.5160086614161203,0.5387186167973514,0.5315640191825176,0.06178177977086004,0.0,0.0
0.5305226076585061,0.5114516859973459,0.5408663196059187,0.5336979923779984,0.061751588820258524,0.0,0.0
0.5322207595019686,0.5189085764622978,0.5421549315243188,0.5392462942133416,0.04125922807601817,0.0,0.0
0.5364660793617804,0.5180798920442502,0.5365708027502847,0.5290030947469523,0.11012522560860975,0.0,0.0
0.5275507387816684,0.5114516859973459,0.5305573371645957,0.5336979923779984,0.19638829534464514,0.0,0.0
0.5470798653635379,0.5474933294899911,0.5563298136540153,0.5695487278256225,0.4105222241965478,0.0,0.0
0.5615143655282109,0.5561929964644126,0.5674977815089766,0.566561065696775,0.20498672008739904,0.0,0.0
0.5640616778815605,0.5566072815076897,0.5760885895211822,0.5814989492474081,0.1028014662375516,0.0,0.0
0.586562540187593,0.5677925885218549,0.5885452540086618,0.5874739887760335,0.17195115558680102,0.0,0.0
0.5844398227267277,0.5653069905028776,0.5894043266289795,0.587900797651583,0.13485560523833043,0.0,0.0
0.5861378694559894,0.5868488765405595,0.5975653966076933,0.6083867694907569,0.16683502115896776,0.0,0.0
0.5988743797911329,0.5810492994558012,0.6040087017655777,0.5968634993090559,0.156736253211369,0.0,0.0
0.5933554009057889,0.5814636491646576,0.6061565305642702,0.6036922989533153,0.07934894102996973,0.0,0.0
0.5959025277777297,0.5856062005807212,0.60787451915881,0.6092404584241237,0.12672843430895042,0.0,0.0
0.6086389704448335,0.6054913242709619,0.6220494248879092,0.6292998349345502,0.2298370996751083,0.0,0.0
0.6311399431033788,0.6079770211298063,0.6353652358574913,0.6275927417968864,0.1472072750070011,0.0,0.0
0.6243471851815986,0.6063199156061381,0.6336470547641246,0.6254588397836731,0.14566877777350234,0.0,0.0
0.619252609073966,0.5963773598248421,0.6151767284383542,0.6066797475353606,0.14862577228251128,0.0,0.0
0.6048180407410604,0.6001057932580709,0.6181835431160418,0.6258855062946879,0.1222607465032396,0.0,0.0
0.6256209140842636,0.6046629361429101,0.6310698987519183,0.6216177734505286,0.1131211570868005,0.0,0.0
0.6217999211256428,0.6013485951840833,0.6194722173005993,0.6135085471796201,0.08789727667504636,0.0,0.0
0.6052428012487113,0.5835351552147021,0.5975658108965185,0.5994244949268887,0.1856672997345545,0.0,0.0
0.5903834867328643,0.5827063543037656,0.6010019254314518,0.6015582545755671,0.09504540911841183,0.0,0.0
0.6039690775677029,0.5880920247992534,0.6117405815860371,0.613081809486338,0.09809935458011138,0.0,0.0
0.6060916762985016,0.583949171139118,0.608304075748515,0.6015582545755671,0.11461116929589872,0.0,0.0
0.5912201625965632,0.583549289564592,0.6044256900984972,0.6028409590347741,0.07056616243705326,0.8009999999999999,0.0
0.6001518717642116,0.5810591180959668,0.5880732785855449,0.5840276992980921,0.13219740756933535,0.0,0.0
0.5686783101505957,0.5648731466093329,0.5764547239969724,0.5883036181030066,0.08936584395212338,0.0,0.0
0.5933467183772313,0.5756637377446876,0.600122371511413,0.5921515891160924,0.05788071175404745,0.0,0.0
0.5899441842802067,0.5756637377446876,0.600122371511413,0.5921515891160924,0.10014804259616586,0.0,0.0
0.5899443118588793,0.570683507404818,0.5992618930640425,0.5942895485185498,0.05387236178879759,0.0,0.0
0.5886682349479421,0.5698533186748425,0.6005527612399073,0.5938618854557908,0.026647476348751118,0.0,0.0
0.5920708548000561,0.5719285726110503,0.5945282571868278,0.5887310676189631,0.06896567922907475,0.0,0.0
0.5890936122639656,0.5735886615929657,0.6001224676020387,0.5977101411979464,0.07288263520977124,0.0,0.0
0.5963239921950303,0.578153954309812,0.6052863254521377,0.6024133671542826,0.08377289874277892,0.0,0.0
0.5967495000300964,0.5872847239812298,0.6091594031478638,0.6054065814999902,0.08320471307282483,0.0,0.0
0.6027036493693723,0.5802288838883689,0.6048558437480556,0.598992632110351,0.04713269514768789,0.0,0.0
0.5933467682498881,0.5806440765808389,0.6039953573723145,0.6032685509152655,0.039499025000341345,0.0,0.0
0.6010026213392285,0.5823042876869591,0.6095896250870685,0.6045513265567398,0.037034729236727515,0.0,0.0
0.6005774055058559,0.5881147424592534,0.6121716674060649,0.609254694877611,0.037254048065100936,0.0,0.0
0.6065318603644099,0.5885298012391724,0.6156142852716893,0.6143855838967062,0.03955146291960242,0.0,0.0
0.6069570263590657,0.5868695072394925,0.6160444540297791,0.6083994399343607,0.032192738570333404,0.0,0.0
0.6073824115934474,0.5872845982410722,0.6138928864261286,0.610109736274059,0.05192618169357102,0.0,0.0
0.6078076690427809,0.5885296455415236,0.6177657112393458,0.6126751451924728,0.0645869983941126,0.0,0.0
0.6095087762394714,0.6001502939647303,0.6224991603657426,0.6237918934448435,0.06552471289714061,0.0,0.0
0.6222687739850286,0.6150916190390658,0.632827317686895,0.6310610265954657,0.10322900905413432,0.0,0.0
0.627797886347462,0.612186376239046,0.6371304998560887,0.6387573245329746,0.05544660694103512,0.0,0.0
0.6350282984872323,0.6126012939016481,0.6349787542990233,0.6272126996710428,0.06816463558844713,0.0,0.0
0.6277978412274595,0.6117713240514437,0.6379911296867149,0.6314884761114222,0.09760029682994063,0.0,0.0
0.6252458432595566,0.6084510024500922,0.6345484334054523,0.635336589489043,0.09320255807676198,0.0,0.0
0.6346029130075971,0.6121862685877384,0.629384518733626,0.6225093313501715,0.11420192055311502,0.0,0.0
0.622268597204994,0.5993203612356843,0.6173353971852034,0.6148130334126626,0.13956327386390793,0.0,0.0
0.6112104254784723,0.5897748856929279,0.603134863980622,0.6007032131791191,0.14486456417854213,0.0,0.0
0.5835643695051552,0.5789839518164346,0.5958191537951512,0.5908688846568855,0.3261512543709803,0.0,0.0
0.5848405296442171,0.573173772152191,0.5975406308648903,0.5959999160405153,0.2714980908186187,0.0,0.0
0.5946228676584048,0.5760789240845234,0.5996922502198603,0.5925793233611187,0.11584611475788471,0.0,0.0
0.5924959873068077,0.5727584240507151,0.6005526791681719,0.5930066305125404,0.13790477667242063,0.0,0.0
0.5878175200525998,0.5657029979505117,0.5820487111087214,0.5767588508765397,0.15848853140121433,0.0,0.0
0.5657009657258444,0.5578176433321209,0.5747333311856779,0.5712005835237555,0.11008231664845693,0.0,0.0
0.5708047148360359,0.5565724350102048,0.5786061464365067,0.5797519228577124,0.08119337704878589,0.0,0.0
0.5754831937327463,0.5561573390330714,0.5734421428266121,0.5682073691780478,0.13235237250553475,0.0,0.0
0.5678274425750063,0.5681932046920792,0.5786061082353442,0.5921515891160924,0.1358298696967356,0.0,0.0
0.5776099004964868,0.5623828548612488,0.582909503564425,0.5810346984991869,0.11706515315987635,0.0,0.0
0.5903695055267114,0.5727585075116435,0.5928068933376796,0.5878758126757128,0.15227969843804318,0.0,0.0
0.5861164452162948,0.5644580967673556,0.5777456606754134,0.5712005835237555,0.15187203467242577,0.0,0.0
0.5686781077307491,0.5478567734870068,0.5459014078766748,0.5566628866806508,0.17924711102106233,0.0,0.0
0.5576198861804873,0.549517052270234,0.5674178554255269,0.5669248782656433,0.14050257334410224,0.0,0.0
0.5703794916872935,0.5607227857029555,0.5798972023054818,0.583600178599868,0.1681120735444682,0.0,0.0
0.5780354199446447,0.5677784353864139,0.5854915451707079,0.5818900246247045,0.186661443243925,0.0,0.0
0.5801618311050429,0.561552835471884,0.5717209947805808,0.5870207712792648,0.25178928167784537,0.0,0.0
0.5954734033482739,0.5764938025896549,0.5579505675096905,0.5579456623221251,0.4225488781655741,0.0,0.0
0.5478374194156758,0.5316707692110618,0.5342826848318447,0.5288706245472529,0.29485525005067625,0.0,0.0
0.5333764467279924,0.5279354700969514,0.5269671529066995,0.5194639590877782,0.1781734895000514,0.0,0.0
0.5231687594514536,0.5059389926353799,0.5101844800860829,0.5109125485715538,0.2659917655662183,0.0,0.0
0.49552269709286795,0.4992983897494378,0.4951229607292816,0.5198914086037347,0.27146946574907305,0.0,0.0
0.4985001832234363,0.502618770065159,0.5080329309268583,0.5241673985909167,0.18968122576405208,0.0,0.0
0.5321004079871412,0.5428763981886955,0.5428891278010362,0.5677797772975564,0.2633311808834185,0.0,0.0
0.561022354646921,0.546611733862187,0.5695693748803938,0.5707729204609966,0.10007492358930109,0.0,0.0
0.5742071449921295,0.5764936181012843,0.586351844597516,0.598992632110351,0.1619533296789743,0.0,0.0
0.5980252871657191,0.580229019582599,0.5958191325255078,0.5891585171349197,0.19734350188483382,0.0,0.0
0.5954734814280357,0.5781540418389599,0.5988315212661117,0.5942895485185498,0.11603841258998922,0.0,0.0
0.5946227110627539,0.5823042148755564,0.6031347259337076,0.6075442561733777,0.08129032800147651,0.0,0.0
0.6044051096866683,0.5823042425437426,0.6070076215880797,0.6002755501163602,0.10187328069363184,0.0,0.0
0.6018529926964653,0.5856241896401124,0.6113106776832282,0.6096819308467653,0.07694582920419729,0.0,0.0
0.6052558313473736,0.5876996593608175,0.5958192388774897,0.5955722529777566,0.22687214208804699,0.0,0.0
0.5878175993117162,0.5735886165639821,0.5863520284204382,0.5934343647575667,0.12104965208318992,0.0,0.0
0.5988759058106556,0.5901897491126347,0.603995325986662,0.6165233297523611,0.1271233800650165,0.0,0.0
0.6137619767334106,0.6013953825472695,0.6216384854214541,0.6237918934448435,0.10601673564022622,0.0,0.0
0.6167394932994653,0.5947550766730494,0.6121715468408435,0.6079718480538692,0.08415356060823785,0.0,0.0
0.6107965423043368,0.5885417562216515,0.6022459804870683,0.5964064379698457,0.12380957473248498,0.8009999999999999,0.0
0.5975875894168942,0.5773155685487672,0.6013836925597793,0.6011182057982741,0.09217186461201429,0.0,0.0
0.6018486743331831,0.5802261210201083,0.6052637536628622,0.5994049198033438,0.08648435546378389,0.0,0.0
0.5933267185120273,0.5789787270153444,0.6018148952849951,0.5989765449179102,0.0643430264871645,0.0,0.0
0.5941789036177558,0.5798102889985632,0.603539275034255,0.6045450625172054,0.0345426104402064,0.0,0.0
0.5997180784530743,0.5981046623168937,0.6095747010919592,0.6229641148568238,0.10522921204578826,0.0,0.0
0.6205967250935797,0.6010151673769917,0.6238012858825528,0.6169672223720954,0.07814976258283296,0.0,0.0
0.6133531206468993,0.6005994281182936,0.6212146645688859,0.6255342929871558,0.049353821040991994,0.0,0.0
0.6205967239398631,0.5993520567213406,0.627250165197422,0.6208223827941923,0.040048935692606855,0.0,0.0
0.6167618013956315,0.6101622942438427,0.6302678184578401,0.6349578998262805,0.09614763661285797,0.0,0.0
0.6299709019250816,0.606836270673375,0.6216458487023793,0.6148256326739989,0.10521093706809968,0.0,0.0
0.6061094877276264,0.6089149670983074,0.6177657092550042,0.6332444714668148,0.08708830814858722,0.0,0.0
0.6465884020017465,0.6326146567601536,0.6522543056236549,0.6473801308634378,0.1435151948228153,0.0,0.0
0.6457362397132909,0.6267936559564715,0.6449255100558515,0.6375280779566126,0.08200553462568806,0.0,0.0
0.6372143254727016,0.628872587364607,0.6496676386161668,0.6439532741445068,0.09468223929011355,0.0,0.0
0.6440317636829199,0.6263778423581381,0.6488054213124939,0.653805327051332,0.05177996277595193,0.0,0.0
0.6491449233400208,0.6259620428572814,0.6449254844237835,0.6405264886078431,0.04920124311859725,0.0,0.0
0.6414751553696929,0.6188937095704452,0.6380277228046982,0.634101150055414,0.08503087411395241,0.0,0.0
0.6295446527465018,0.6168148869524201,0.6406144128466307,0.6409548634932762,0.08645256043990564,0.0,0.0
0.637640281570262,0.6184779239301479,0.6449253889981443,0.6370995607066444,0.10835308746390955,0.0,0.0
0.6384924924828432,0.6201410330104071,0.6444942360763484,0.6383846141806767,0.08813091758624782,0.0,0.0
0.6397707548749475,0.6176463162048746,0.6341477132121887,0.6259624543257868,0.10883864426400104,0.0,0.0
0.6201706683610875,0.5997678997152611,0.6048326947391114,0.5976915626261454,0.15392627965661754,0.0,0.0
0.5784134194826139,0.567336786408351,0.5841395030377579,0.5869826887661862,0.15913222309183786,0.0,0.0
0.5809700402607652,0.5669210797349846,0.5768107121994386,0.5694203861974344,0.12532343798351947,0.0,0.0
0.5660566217235359,0.5486265179122363,0.5565485606428431,0.5492877631338156,0.14041992537812922,0.0,0.0
0.5400650859098568,0.5303323084547404,0.5453400120622256,0.5368657456434606,0.13128194003496688,0.0,0.0
0.5417694398666182,0.530332307468586,0.547495501664506,0.5394358525915252,0.18361544176416741,0.0,0.0
0.540917208548411,0.5270059356176815,0.5263712529777209,0.5180182472361415,0.21257350928362181,0.0,0.0
0.5213169756444271,0.5211851033643089,0.5298201483703331,0.5445760664876544,0.18965420476778316,0.0,0.0
0.559665223704832,0.5511212303028092,0.5673262314948178,0.5758454400207936,0.21320289798752773,0.0,0.0
0.5724481720614333,0.5615159651345134,0.5832773622311682,0.582699295823191,0.1394281688825634,0.0,0.0
0.5805439168503965,0.5594369372053349,0.5724996121941188,0.5741321540258629,0.11540507099122276,0.0,0.0
0.5733004580060582,0.5590213412778284,0.5806907936481678,0.5737039926872322,0.06284745730992901,0.0,0.0
0.5720219367965741,0.553200124535044,0.5759483530620146,0.5754171363176278,0.018433685462427112,0.0,0.0
0.5767090207870798,0.5569421938271206,0.5854327119454183,0.5775589395625267,0.029651370904994274,0.0,0.0
0.5750045985369631,0.5581895423303653,0.5832772217807942,0.5775589395625267,0.0354684089703215,0.0,0.0
0.5703175359467402,0.5569421241532659,0.5789661021332848,0.5788439218542915,0.05274708528905353,0.0,0.0
0.5754308803095061,0.5611001406913603,0.585001770937333,0.5762740284530293,0.04941183502450079,0.0,0.0
0.5762831639827711,0.5590214076522899,0.580690861133891,0.580129331239661,0.062028138691612805,0.0,0.0
0.5664828164806018,0.5453003537122056,0.5470643454329212,0.54072083488329,0.15151363887173686,0.0,0.0
0.5400651072073177,0.5336585490633914,0.54534003336636,0.5454328162585209,0.13312796103094934,0.0,0.0
0.551143576194326,0.5419742893312973,0.5608598866489318,0.5621385114209412,0.10589832065940398,0.0,0.0
0.5673350592620684,0.5619316781352104,0.5755173836459397,0.5809857962814579,0.13546114290030004,0.0,0.0
0.5831005275072186,0.5660895515054678,0.5841396179896883,0.5899812417819515,0.1121111256135461,0.0,0.0
0.5988658526319568,0.577731310124106,0.5918993379907926,0.5925512063654813,0.2208778921178608,0.0,0.0
0.6018485870144262,0.581889145161631,0.5819839468622827,0.5767022609739277,0.27944963482030605,0.0,0.0
0.5588132174455624,0.5382321854826888,0.5319757332587471,0.5402926023623916,0.41514088585137665,0.0,0.0
0.5460304062741703,0.5278375879772417,0.5474954793617806,0.5411492809509907,0.1893752678826242,0.0,0.0
0.5375083954519286,0.5299163577379387,0.5500820204585757,0.5544279770299448,0.15208740060593867,0.0,0.0
0.5545522123460751,0.5423899099288947,0.5543931364809709,0.5659935294785032,0.18536214388976502,0.0,0.0
0.5626481610433213,0.561100253454023,0.5703442598348174,0.5818426884168592,0.14285403019114154,0.0,0.0
0.5831004118721212,0.5627632189353831,0.5824150286696426,0.5869826887661862,0.10131384104225807,0.0,0.0
0.5733003863750383,0.5577739218168027,0.5750863503451618,0.5749889749789969,0.12742614889600132,0.0,0.0
0.5694655526819367,0.5644264423030694,0.575948534971046,0.5886961883079191,0.07762368383639331,0.0,0.0
0.5698917892561254,0.5619318414402945,0.5828463949759117,0.5818426884168592,0.10321948009502606,0.0,0.0
0.5831004144617857,0.567336788958992,0.584570589987309,0.5767022609739277,0.10722464100983288,0.0,0.0
0.578413420118345,0.5598527615302065,0.5781039802539472,0.5844125818181217,0.09616432661338024,0.0,0.0
0.5754307860136535,0.5619316353619841,0.578535068185392,0.570276993603766,0.11264753535573237,0.0,0.0
0.5741525682543117,0.5640106364304418,0.5845706573529752,0.5882678134224858,0.09596803769419432,0.0,0.0
0.5967355828672791,0.5856313175689687,0.6018149823486421,0.6113987759550678,0.13351100991021295,0.0,0.0
0.6035452617502343,0.5881311836791585,0.6117131431909422,0.6045326768026714,0.0997920338092816,0.8009999999999999,0.0
0.601837921272993,0.6068753675061784,0.6138727015037748,0.6324259465735618,0.17131065294662054,0.0,0.0
0.625742282611674,0.6027099836773342,0.616463971911752,0.6109696180646926,0.14562189682237855,0.0,0.0
0.5873244425620991,0.5652218529037958,0.5767303612405306,0.5714900106231525,0.2263667253331006,0.0,0.0
0.5711036191175888,0.5577242327229941,0.5767303750887209,0.5826473327679621,0.17891016015239458,0.0,0.0
0.5719574540354103,0.5502267445181968,0.5637739032623335,0.5633367937109682,0.19854346327249853,0.0,0.0
0.5706766947772571,0.5523092833066665,0.5762984968264242,0.5714900106231525,0.132798973240334,0.0,0.0
0.5745183699503732,0.5577241081654232,0.5788897077729704,0.5783558962287465,0.10689326620541285,0.0,0.0
0.5762259778167002,0.5552250628355075,0.5806174029586102,0.5757813759801009,0.08234645748532679,0.0,0.0
0.5715303454289745,0.5560579991702408,0.5797534461879916,0.5800724566079793,0.07826579054985054,0.0,0.0
0.5736647423583184,0.5618895619031532,0.5814811569654708,0.5865094690522679,0.11124095405313512,0.0,0.0
0.5800677724312706,0.5639723093064959,0.583208733106771,0.5774978651770661,0.0918253847842383,0.0,0.0
0.5672618287933261,0.5460612662871971,0.5693883348090119,0.5654822984337738,0.09026064949499858,0.0,0.0
0.5647005543809961,0.5518926338110868,0.5758664922184029,0.5753520757251909,0.05829473452444049,0.0,0.0
0.5685423815296878,0.5485604352851541,0.5464983134209269,0.5435968120345296,0.25211588245465605,0.0,0.0
0.5442110983624937,0.5273172451611794,0.5503853380740911,0.5483172640995855,0.12835672145372576,0.0,0.0
0.5446380949060826,0.5256511444297864,0.5400201282492407,0.5345853505238627,0.1444481543943444,0.0,0.0
0.5314052478010004,0.5202361656904075,0.5417476117801936,0.5414513073117241,0.13305167206975196,0.0,0.0
0.5352470232095498,0.5327322102017689,0.5477940438641395,0.5513211557854085,0.10952365993761108,0.0,0.0
0.5292709034802122,0.5102393247220602,0.5162663115951822,0.526002762174501,0.29974173465438947,0.0,0.0
0.5160378689690474,0.49815962040725664,0.519289269786644,0.516990944752497,0.11548372787011436,0.0,0.0
0.5109156800475094,0.5010755361859736,0.5197213973619161,0.5212823812917127,0.13807007260436668,0.0,0.0
0.49469480676436833,0.4773330595876522,0.48128344068302725,0.48781055722181865,0.60211747220585,0.0,0.0
0.481888804721283,0.46608650074661545,0.48560224884126585,0.4792278976901896,0.24717457291787703,0.0,0.0
0.4797547034991482,0.4623379932013199,0.4881937522906827,0.4830902831124315,0.16346797587053674,0.0,0.0
0.4861575280508386,0.47275119910153657,0.493376243311101,0.492101780214232,0.15074519229162586,0.0,0.0
0.4861575041052723,0.46858577967601794,0.48473852050140914,0.48223189614941386,0.11351690487950498,0.0,0.0
0.4823157339691729,0.46400395390741983,0.47437324415849863,0.4702163649972553,0.21666292223767838,0.0,0.0
0.4613993686855104,0.44609297451403945,0.46703118427598184,0.4603465165235707,0.2122166984600992,0.0,0.0
0.455423305269915,0.4540071610163056,0.46487179936520723,0.4697873138802814,0.4214911637045575,0.0,0.0
0.4618263335041412,0.443177336350741,0.4570979100011486,0.4560553291222912,0.25299241301984265,0.0,0.0
0.4558501075102545,0.4398449455563815,0.4622804011318002,0.45648434464813137,0.2871786709431769,0.0,0.0
0.45243525512780464,0.44442687966845656,0.462280460199422,0.4577717827281227,0.18019118452886598,0.0,0.0
0.45072774673218247,0.4406780272617666,0.4558021497049773,0.46163388342129485,0.235714538737749,0.0,0.0
0.4579844226151984,0.4473425455052367,0.46487172444637365,0.45648434464813137,0.18684501415355964,0.0,0.0
0.44902028613888306,0.43651264268759543,0.45968911262005036,0.4526222083638256,0.22121642796369484,0.0,0.0
0.44773972865561135,0.4298481395337285,0.45148328228675555,0.4448980069774815,0.11418681552975905,0.0,0.0
0.44859352951283743,0.43651276119029,0.4570979100011486,0.4560553291222912,0.10731445001721991,0.0,0.0
0.4473129271929028,0.4356796955638648,0.45796166693972146,0.45433883992532587,0.16199304958868407,0.0,0.0
0.4511546591527122,0.44026151653361584,0.46055293399348024,0.4577717827281227,0.28397293049961053,0.0,0.0
0.45158149131107456,0.4477591057457064,0.45752966718145166,0.4637794949175015,0.16533229094031823,0.0,0.0
0.4665217717842976,0.45442371961554945,0.4756689373322089,0.47322029227421203,0.1602662265140518,0.0,0.0
0.4759128517188906,0.4615048385043086,0.4847386356959344,0.4762242195511689,0.16105216513132345,0.0,0.0
0.481035138636785,0.46941888982090035,0.4899211852585637,0.4865231547329609,0.31786436357390196,0.0,0.0
0.4729247411193795,0.4548402225309784,0.464871768421034,0.4667833866033245,0.4427948799890617,0.0,0.0
0.4652411541480839,0.4473425778486995,0.4665993176027495,0.4642086172167429,0.268818429121492,0.0,0.0
0.4609725142658235,0.4519244776354046,0.47048629330488284,0.4702163649972553,0.1613398289389523,0.0,0.0
0.4707903855592717,0.45442370308881824,0.4795559057232209,0.47364937898231974,0.15350351086764416,0.0,0.0
0.47207099359916865,0.4540071356586807,0.47869215480075683,0.4723620120845957,0.25414310644257887,0.0,0.0
0.48188899419748726,0.46525366042414257,0.48560243787426044,0.4770824997407852,0.3243815223361952,0.0,0.0
0.4716442788694834,0.457756078610944,0.4795560465240433,0.4775116576311603,0.16806360761617808,0.0,0.0
0.4776203001641692,0.46650327102494654,0.48646617169938094,0.4826611252220564,0.11977897779857556,0.0,0.0
0.48359642703097455,0.46400404872499273,0.48560243183511326,0.48008635583547465,0.11898906719033293,0.0,0.0
0.4780470862818382,0.4602551203150825,0.4851703848720001,0.48223189614941386,0.08861250239536834,0.0,0.0
0.46780242548603085,0.4535906840085479,0.4709182464279679,0.46592521318710933,0.3451345258917955,0.0,0.0
0.46652181711804447,0.44817570274293,0.473941456663529,0.46721258008483346,0.14174943477900118,0.0,0.0
0.4669487174327593,0.4623379356570481,0.4782603306907565,0.4770824997407852,0.20642668139104087,0.0,0.0
0.4780471579699656,0.4669197320151283,0.48603425422336505,0.4783698310473755,0.09795472063965859,0.0,0.0
0.46993679570106167,0.46233794498473163,0.480851664030497,0.4835194054116727,0.09744533189374122,0.0,0.0
0.4793277069516962,0.45983863139905473,0.4804196957579882,0.47579502606966007,0.1790627380747893,0.0,0.0
0.4763395463608712,0.48982903874491707,0.4873298098954872,0.5071210962788125,0.3793716367572245,0.0,0.0
0.5032320682487821,0.4881628644171428,0.5102197962820949,0.5011133840894338,0.11839305848747157,0.0,0.0
0.5032321224484284,0.4844141671448848,0.5011502185016126,0.49296006040384843,0.10364780585213672,0.0,0.0
0.4951217172551367,0.4764999671430438,0.49467192272796695,0.48781055722181865,0.08934678603390686,0.0,0.0
0.4818823695985444,0.4698454931307065,0.48774185742260284,0.4895308190789581,0.08121881306788849,0.8009999999999999,0.0
0.49214948311544066,0.4740199627210186,0.49596563175969727,0.4942615213905248,0.078737025267114,0.0,0.0
0.4930053033077714,0.4744375790628011,0.4946673189773792,0.48695053306665004,0.06609767259470406,0.0,0.0
0.48102669132048187,0.46483611692718,0.4903388161228008,0.4826497004681328,0.07705628110696715,0.0,0.0
0.48145449807862745,0.4736025131164823,0.4933686661449474,0.4860902953646792,0.1009053752400023,0.0,0.0
0.48872719448741314,0.4727676960368478,0.49510009033754127,0.4865203786245308,0.0677609438138007,0.0,0.0
0.48359353711498315,0.46441865597688164,0.48990603736483745,0.4822196883905485,0.05305781719809073,0.0,0.0
0.4784599359967819,0.459409287695362,0.4808165250086513,0.47619873629942666,0.10397679364275206,0.0,0.0
0.47075946552038234,0.4527300888098487,0.469129980211169,0.46243657026004326,0.22406533848762814,0.0,0.0
0.4617756871779977,0.44396371740054935,0.4686971655847619,0.46200652259132535,0.1085326863825732,0.0,0.0
0.4604922230989896,0.4418764253938116,0.4673986024341113,0.4589960109546306,0.1133651289937486,0.0,0.0
0.4557864982584416,0.43937181462075986,0.4648016795226891,0.4564156893511888,0.08342007900633772,0.0,0.0
0.4523640334268743,0.4335274770517737,0.45311510746323663,0.44867440422065996,0.1543379154132059,0.0,0.0
0.4450913835913554,0.43102275610255164,0.45398074050473874,0.4499645828179477,0.11069579829236852,0.0,0.0
0.44295241947742764,0.4260134319001844,0.44921960155389357,0.445233880506381,0.12272564131183784,0.0,0.0
0.4399577710590708,0.4226737933615807,0.4435927462801303,0.43749266655811947,0.15497922009002477,0.0,0.0
0.43653544676991013,0.4184994015959342,0.43710030095060043,0.43405221402610805,0.0905674094130648,0.0,0.0
0.4314017771732023,0.42893553562033354,0.4422942437981994,0.442653452129538,0.13001441660857468,0.0,0.0
0.4403856202824103,0.4289355683823421,0.4505181203375042,0.4422234400519537,0.09618101661390252,0.0,0.0
0.4361075862043147,0.4226737933615807,0.444891251432253,0.43749266655811947,0.09066833235672642,0.0,0.0
0.4326852613330077,0.41599470537620703,0.4396973116475124,0.43405221402610805,0.11628715852454667,0.0,0.0
0.43054613699247507,0.4130724930043094,0.43493604600985686,0.4267409765642972,0.11945315996229282,0.0,0.0
0.4249847482575783,0.4097329250561958,0.431040546348118,0.424160583778588,0.09861271531699972,0.0,0.0
0.4254125555170268,0.40889799832069823,0.4306077280420562,0.42330045285001816,0.1087997072948192,0.0,0.0
0.42070678907766085,0.4034712236340318,0.4258465991749593,0.41985996472687304,0.10161502489607657,0.0,0.0
0.4164287467121203,0.4022188659898989,0.42541374277860816,0.41856975053845147,0.09470767530921616,0.0,0.0
0.4121506933022873,0.40013157620012635,0.4210853596121093,0.41598928657047496,0.0805059934574816,0.0,0.0
0.4121507346750401,0.39762692110381886,0.4210854012967486,0.4168494530901783,0.07459040036618701,0.0,0.0
0.41471745631437945,0.39720937186140864,0.41805545367447755,0.41426895353106796,0.09630260154905738,0.0,0.0
0.41343410897091754,0.3984617772732551,0.4189211710030197,0.4125487628561959,0.08581919974502873,0.0,0.0
0.4091561144970514,0.39553969132749117,0.41848839682890343,0.4129788461160476,0.13097915210787162,0.0,0.0
0.4091561661620568,0.3913652374157351,0.4111302633931336,0.4056677510187716,0.17062485433248256,0.0,0.0
0.40445027666130834,0.3884430384120596,0.4119958446866245,0.40480754890793447,0.1099925076410699,0.0,0.0
0.40102787126024636,0.389277925980682,0.41113018603734214,0.40480754890793447,0.12242285338474261,0.0,0.0
0.403166885922106,0.385938357739547,0.4050705222139503,0.3974964182195248,0.10255352233963254,0.0,0.0
0.3954664158170273,0.3855208317690982,0.40550330186257183,0.40265716819980957,0.10830462153561944,0.0,0.0
0.39118837762681996,0.37925911961921893,0.3959809138688329,0.3880348712318565,0.13749631087016487,0.0,0.0
0.3899050826972463,0.3746672645176157,0.38775714786086685,0.3794335975372928,0.15892241412646224,0.0,0.0
0.3792099907843193,0.3633960722464125,0.3786675846455772,0.37599300264074637,0.20428262739946207,0.0,0.0
0.37450422629821783,0.36339615201769904,0.38299599318200267,0.3772832880114353,0.09398213768925796,0.0,0.0
0.36851498497886365,0.3592216243198295,0.377801949150897,0.3742727763747406,0.12250550135071563,0.0,0.0
0.3689428093420623,0.3583867812231271,0.3630856247798704,0.37556302615429576,0.22921723993031062,0.0,0.0
0.36851509934772847,0.35379491774136457,0.35486184795545717,0.3514793245632093,0.3445091091788605,0.0,0.0
0.3595311377907108,0.3525424541268112,0.3626527307860891,0.35534978917280513,0.2980951534358151,0.0,0.0
0.36081455792271083,0.34836796391913627,0.36438409623613327,0.3570700866210784,0.16842200341686703,0.0,0.0
0.3608145841626933,0.34711564179059223,0.3678467914845305,0.36524138382919147,0.13073359522375722,0.0,0.0
0.3608146036626122,0.3479505817147354,0.36611545926916234,0.36309107430333404,0.117139838047797,0.0,0.0
0.3608146098852796,0.34502843136333355,0.3604886321972609,0.3544897294265028,0.1323460135007591,0.0,0.0
0.35568092865409284,0.33918409724081333,0.35659306121864537,0.3519092654585262,0.10903015915557764,0.0,0.0
0.34883614730139917,0.3350096550995721,0.3535632680978333,0.35104917012109016,0.10632030650784942,0.0,0.0
0.34712486693734,0.3316700122942501,0.3457721771318682,0.33857714708786085,0.1600659656038949,0.0,0.0
0.3364299542278398,0.33041778022762675,0.3449066353462021,0.3398674680496835,0.17191063364045286,0.0,0.0
0.33471869104063984,0.3187291444390664,0.3362498677722761,0.3295457901334454,0.30201291145315,0.0,0.0
0.3317241268237366,0.3199815531608733,0.3336529187476048,0.3282556471272914,0.15392310970228493,0.0,0.0
0.32402363730705025,0.30829291032289924,0.322831980365549,0.32180454059405034,0.198588759246456,0.0,0.0
0.31546765184269876,0.3116325381505601,0.3202350146585055,0.31363331456820454,0.20068115825930166,0.0,0.0
0.31717888161528973,0.3091278521649095,0.32110071769413345,0.32438500456202696,0.19480769118763197,0.0,0.0
0.3244514946224525,0.3212338600685544,0.3332200652215983,0.33685695641298874,0.23030594737856708,0.0,0.0
0.33600205729178717,0.3224861488995883,0.33278715959884253,0.32911567128246,0.1367652162820694,0.0,0.0
0.33172409704223144,0.31789428818533383,0.33192157177012055,0.32438500456202696,0.12484345724767569,0.0,0.0
0.3201734353057651,0.3045358829641913,0.3198021744557789,0.3144934454967744,0.15036611540333322,0.0,0.0
0.3253070530006308,0.31497208610511235,0.32413049480021466,0.31836401687977134,0.17424937247794087,0.0,0.0
0.325334778099647,0.3196220558622015,0.328465490215691,0.32095234648829973,0.17755523382853047,0.8009999999999999,0.0
0.3188980007756859,0.31166611103225883,0.323689690983206,0.3274234196475568,0.15923314603549946,0.0,0.0
0.32147271614224093,0.31585345708530294,0.3115328145466375,0.3058535198309927,0.24333310386173956,0.0,0.0
0.3090282075890953,0.31710975694459853,0.31370374771307324,0.33475722188814505,0.20126842094358272,0.0,0.0
0.3163231786879199,0.3024537747532979,0.31413778761492367,0.30887324957132034,0.295358279791818,0.0,0.0
0.30302039686994603,0.2949164891641254,0.3080594430245218,0.31016748555785195,0.20710136606890428,0.0,0.0
0.30859905901918405,0.2932416058446661,0.3089278357397642,0.30153958969526695,0.09417920954897183,0.0,0.0
0.3000165026388961,0.28947287984273057,0.3080594363963238,0.3058535198309927,0.0844229494381781,0.0,0.0
0.2995873461955014,0.29198530229631975,0.307191045974969,0.3067162845034575,0.06601821367917408,0.0,0.0
0.2991582960203232,0.28654175117011416,0.3063227626442676,0.2998139891680697,0.10810355858882416,0.0,0.0
0.29400873984751796,0.2836105042741583,0.3002442879999058,0.29291158705928083,0.12680709118784203,0.0,0.0
0.29443791950186377,0.2806793861971621,0.29503424648572535,0.2894604215960201,0.11982744372686564,0.0,0.0
0.28499716641797085,0.2706295957554101,0.28417990522533626,0.27651848882430835,0.17936311989196946,0.0,0.0
0.2519546372448684,0.25220512868109074,0.25118285864729206,0.25365449538574747,0.3060983524162356,0.0,0.0
0.2704069087873515,0.2572299242553684,0.2572611928788335,0.24977185860841994,0.18818246753637352,0.0,0.0
0.25452936455724406,0.2417366158071908,0.253353692279658,0.2562428605854095,0.20017415652718898,0.0,0.0
0.26053707850099844,0.26811716713955697,0.26898388481231933,0.28212669053769934,0.1970566210177329,0.0,0.0
0.28113504020573793,0.28905412838732075,0.2872191330325651,0.3058535198309927,0.31353575274050666,0.0,0.0
0.2978709179916916,0.293660324671805,0.3054544242475548,0.30757912035818985,0.221252977919072,0.0,0.0
0.29272136196183085,0.28486672292783355,0.2989417645289751,0.2976569529179395,0.23839815332973624,0.0,0.0
0.30302040831078464,0.28779795812718634,0.29633676391174935,0.30197095423593256,0.30085030205750085,0.0,0.0
0.3034495107452484,0.30287257906211595,0.3110986475029058,0.3127558863486478,0.20334252588262935,0.0,0.0
0.3030203818088083,0.29826641930080844,0.30892776386864285,0.30930468529425337,0.3613658187452576,0.0,0.0
0.3236182710368679,0.3078973538905707,0.3219528903031932,0.31922678155223627,0.12251266239212964,0.0,0.0
0.3257639983103409,0.3108286244124195,0.31891377453689823,0.3127558863486478,0.21327996988925305,0.0,0.0
0.31031546749920347,0.3016163343637009,0.31804538026129914,0.31534425154830986,0.2139435406308419,0.0,0.0
0.31203202993198986,0.30287260541354694,0.3193479520205879,0.31620708740304226,0.13486433216080032,0.0,0.0
0.3111738122925622,0.2970102715853978,0.3097961735688093,0.3045593906178621,0.22760802979986225,0.0,0.0
0.303020384977186,0.3011975829137614,0.31196695996218765,0.31534425154830986,0.12177043477164919,0.0,0.0
0.3163232637782254,0.30831621301919504,0.3262947134319622,0.325266454579694,0.13724678199507948,0.0,0.0
0.32104357558405977,0.3200408678599277,0.3284655505195402,0.32914894899248665,0.1739839556389716,0.0,0.0
0.3227600690440096,0.31459724670363887,0.3288996826078418,0.3300117492560852,0.21037146040464466,0.0,0.0
0.32833867094336133,0.31752840464076554,0.33497810023883046,0.32699194833349005,0.1198759287512662,0.0,0.0
0.3120320383545115,0.2978477285915649,0.31240120328735455,0.3097361566083201,0.18013078353155254,0.0,0.0
0.3111737034787871,0.29617266224804933,0.30415183185902256,0.2967941170632072,0.1455416358702102,0.0,0.0
0.28928841052102305,0.2823543191008404,0.2898241897239255,0.295931387981876,0.1839261736732046,0.0,0.0
0.29701263084961466,0.28361050776782937,0.29416587144917516,0.2911859865320836,0.13017257059521714,0.0,0.0
0.3060243118454972,0.2982664954280015,0.30458609075542525,0.3136187222033801,0.7396778123343114,0.0,0.0
0.3128902549481355,0.3037100612248639,0.3115328450828106,0.30757912035818985,0.2914556267978391,0.0,0.0
0.31246112187992403,0.30119758864165136,0.3145720079241022,0.31663845194370777,0.31255432724068744,0.0,0.0
0.3167523571286951,0.3070599489446731,0.30415187936902255,0.2993825534451367,0.27210124146678366,0.0,0.0
0.2927213833660666,0.2932415405968386,0.3002443071011789,0.31059888568965127,0.20276242423976235,0.0,0.0
0.3124611557076631,0.3321843348723321,0.32195298361437513,0.3489932838729873,0.3641281284083573,0.0,0.0
0.34764933214876603,0.35647125627923093,0.35712098741195303,0.37358291342987915,0.43424177031637573,0.0,0.0
0.3785463206699964,0.36275236957121215,0.3679753478550723,0.37185738408494945,0.30956633974443865,0.0,0.0
0.3656726324765415,0.359821243838349,0.36667286148021,0.3748771850075445,0.26819301240855703,0.0,0.0
0.35794823420364635,0.351865019900496,0.3501741303562406,0.34252221071373024,0.6046938239455104,0.0,0.0
0.3412125338413219,0.3254845549551882,0.3380174337577442,0.33475722188814505,0.22902255508440145,0.0,0.0
0.32748044610096605,0.3225533029885654,0.3332414426298799,0.33260015004688104,0.2671082769512716,0.0,0.0
0.3330590577559114,0.3179471770766628,0.3354123067537296,0.32914894899248665,0.31496299603459715,0.0,0.0
0.3261930046495627,0.3133409722979942,0.3232553944603803,0.318363945697504,0.3749111099929277,0.0,0.0
0.3197562413350873,0.30454750328268515,0.31457201062563106,0.3118930860850492,0.1962770414052369,0.0,0.0
0.30473689292175726,0.29533525846897474,0.31153283932618164,0.306284919962792,0.16241979036862844,0.0,0.0
0.30173301470607333,0.2907291009720798,0.30936192304854876,0.3058535198309927,0.18256886033553582,0.0,0.0
0.3030203680979548,0.28947285814334006,0.3006784731680392,0.29291158705928083,0.14124480096458272,0.0,0.0
0.2931505554908655,0.2919853554612687,0.298073485661146,0.29204882238681595,0.2495602118025993,0.0,0.0
0.29315047131713523,0.28319175684174014,0.29850755219344227,0.29420575186354503,0.14044138940626086,0.0,0.0
0.29186317967885195,0.2794231761842356,0.28331160127369054,0.2782441249426393,0.1856045308195468,0.0,0.0
0.277272913215298,0.2689546564092417,0.2794040059657971,0.27651848882430835,0.19324933399927835,0.0,0.0
0.2755564264736982,0.27691069249958483,0.2833115605044006,0.28773482106882287,0.24331563092068936,0.0,0.0
0.28199330866581185,0.271885846368193,0.2880874984903946,0.28600925613275935,0.21303124305080604,0.0,0.0
0.28499721682455437,0.2739795573648837,0.290258376028689,0.2851464914602945,0.2568402410807558,0.0,0.0
0.28413888283548544,0.28151682385579857,0.29286335720402595,0.295499952258943,0.21740197990382623,0.0,0.0
0.2948670642358021,0.2957540502532388,0.30415193747105496,0.3045593906178621,0.182692030247857,0.0,0.0
0.3068962988143124,0.2941005562088006,0.30891667476226314,0.30585771958477137,0.15535907991884534,0.8009999999999999,0.0
0.2991472263893597,0.28611891538533,0.2997697033887357,0.29806756782764726,0.15815635456015592,0.0,0.0
0.2922592474508358,0.28023778202891175,0.29628521155053283,0.293307004554891,0.164776804183805,0.0,0.0
0.28623216394709233,0.27267623981181555,0.2753780115787071,0.2725334563552734,0.32466362917568675,0.0,0.0
0.27030362649915124,0.2562930153448756,0.2684089457697063,0.26128114147456966,0.2042762683946864,0.0,0.0
0.2608326628032882,0.25041190892799764,0.25708431312872526,0.24959610959011896,0.24625116140156666,0.0,0.0
0.24447364509446362,0.2306680228422085,0.24532402490429772,0.2383437947094153,0.29051711025817273,0.0,0.0
0.2380160125009404,0.2331883919335066,0.24575950125438872,0.24570098032485643,0.1874831488760459,0.0,0.0
0.24318213685448403,0.24411066343298726,0.25185752520358723,0.2586845191318849,0.24725643794332214,0.0,0.0
0.258680226181789,0.2499918756607507,0.2640534212743398,0.2578190139421237,0.2546008402097631,0.0,0.0
0.25781907946930305,0.2478913485096521,0.2631821793178172,0.26387783499952183,0.16814862349984536,0.0,0.0
0.2664291451595064,0.263434433871194,0.27537806205924165,0.2790252079632208,0.23755341778842787,0.0,0.0
0.2793442157757516,0.26847548370737473,0.2792981711978869,0.27599579743452163,0.17675102023357023,0.0,0.0
0.2896762474642779,0.28275829801959185,0.2914940006941441,0.29244146377399605,0.33055695620221137,0.0,0.0
0.290537227808057,0.28107793879584136,0.29584966781071176,0.293307004554891,0.19359739880422064,0.0,0.0
0.28967625418274856,0.2915800345574069,0.29846305325995104,0.3071560485516806,0.18309016505436612,0.0,0.0
0.301299795113399,0.2920001482792915,0.3102233761223992,0.3032610260598191,0.05734827400283214,0.0,0.0
0.301730249622428,0.2941004984013672,0.3106588603524122,0.304992107621609,0.17046034134106444,0.0,0.0
0.30732675116767966,0.2978812514863025,0.315014537311233,0.3101854590803797,0.18215880955611374,0.0,0.0
0.3056048107736833,0.2966210782013379,0.31065893729899713,0.3045593906178621,0.18262368526860157,0.0,0.0
0.303021765898808,0.28947959635236264,0.29323625711302287,0.28897919387701526,0.16448436634856684,0.0,0.0
0.28881519915782533,0.28863944059862784,0.29715635909193117,0.3041265312495804,0.21372181569255336,0.0,0.0
0.30732676889905836,0.29242020011406655,0.2949785062070043,0.2911430992159531,0.2767079871486996,0.0,0.0
0.2793442125262667,0.26511481985391466,0.2753781011928692,0.2686385050456794,0.3677137095846338,0.0,0.0
0.2715952169307807,0.26385457581568705,0.2753781090872688,0.2781597027734595,0.20319630696501026,0.0,0.0
0.2784831463815832,0.28695905470145977,0.2858315964906273,0.2967692032696043,0.26887008410022517,0.0,0.0
0.28666267146126695,0.2735164241780829,0.28626718427648723,0.28335301864109647,0.22692540114005685,0.0,0.0
0.28063574603535885,0.27477676726303274,0.28321829641362795,0.28941205324529695,0.2707796951439641,0.0,0.0
0.2918287513499198,0.28695912023042924,0.3006409084738523,0.294605369112934,0.20110234207110875,0.0,0.0
0.29742514807035625,0.2840184493242136,0.3002052231951809,0.2997986493894372,0.1825585293397892,0.0,0.0
0.2961337312228522,0.2827582850597617,0.2988986116569592,0.2959036980798432,0.1508540592172294,0.0,0.0
0.2944116625450114,0.28989961751557997,0.3028186288324337,0.29936586120342285,0.23709329700743897,0.0,0.0
0.30259130142682045,0.2907398963361859,0.3071743967887782,0.3032610260598191,0.17777535469354225,0.0,0.0
0.3025912621895177,0.2966210217675186,0.3084810579617627,0.31364772897736054,0.1339067577029174,0.0,0.0
0.3176587983098882,0.3239264431750755,0.3267748380478995,0.34091299319379176,0.2896866777035819,0.0,0.0
0.33746184161628595,0.3243464761678049,0.34419745754434367,0.33788347589169154,0.07286516226872104,0.0,0.0
0.3305738805916153,0.3151046998784867,0.33243720332821625,0.33182458365202594,0.10318132606637216,0.0,0.0
0.33530933722618816,0.3260268174545775,0.3407129293556227,0.3383162640777059,0.08592250970249501,0.0,0.0
0.3279907391603185,0.3159447631493359,0.334179352910815,0.33095890050659615,0.16611742752095152,0.0,0.0
0.32497730257010804,0.31384440906604877,0.33243716367680176,0.32706394919700216,0.08519458506873215,0.0,0.0
0.30990980170105525,0.30628295718529497,0.31675681978284986,0.3201394805853079,0.2804795262484154,0.0,0.0
0.3185198886388371,0.3050227609729445,0.30412548265965705,0.301097156312015,0.2916320366660597,0.0,0.0
0.28752366991579625,0.27351639643512965,0.2775558336228913,0.2725334563552734,0.41779988555701014,0.0,0.0
0.26126320490396526,0.2520922846675452,0.26361784287544404,0.2578190139421237,0.24997581955015863,0.0,0.0
0.2668597611200348,0.25419271023482987,0.25447098916594246,0.2491633925863722,0.3107774150683779,0.0,0.0
0.2569581577423445,0.2428504110812067,0.24924412386345152,0.246133875284272,0.3601316944160204,0.0,0.0
0.24490401686109448,0.2315080745932242,0.2143987649990352,0.21497348180257808,0.7053516944981337,0.0,0.0
0.2151994694605971,0.20714328677008237,0.21352766217600844,0.20848180137689815,0.34234521432853726,0.0,0.0
0.2052980096150303,0.20420276410085236,0.20350971213768032,0.21324247142305564,0.33112674594544217,0.0,0.0
0.19884057708822112,0.18949993352067285,0.20002525295466433,0.19852795782763855,0.39427025025548207,0.0,0.0
0.20056250039447204,0.18949987203787672,0.19087830555595214,0.19160340023811,0.39190529245836353,0.0,0.0
0.18032894753599615,0.180678108650297,0.17258453371569304,0.19160340023811,0.5159481643720621,0.0,0.0
0.19023043339155266,0.19958180047657176,0.1974117392734389,0.20675068422397458,0.3576499066152459,0.0,0.0
0.2139080523220816,0.20630318502543582,0.20263860167537595,0.19722955767846184,0.2523876773945114,0.0,0.0
0.19324397537730031,0.18865968105580522,0.19958961232013978,0.1942000937630622,0.24957529772984482,0.0,0.0
0.1966879345105665,0.19622114551095582,0.2000251447138663,0.20891458956291248,0.26967668470899003,0.0,0.0
0.20400649593292347,0.20042200093704626,0.20655864945182312,0.2011245801703233,0.25368378769822836,0.0,0.0
0.20874194564831478,0.19664121821639974,0.20220294499600172,0.2028556261409794,0.192811460186949,0.0,0.0
0.20056250263650754,0.20084210819189635,0.20917206237839675,0.21540637676199353,0.26341858378089045,0.0,0.0
0.2177825048977629,0.20462280653391057,0.21483435066202983,0.211944071273879,0.190046782606155,0.0,0.0
0.20228454039986238,0.19160030066758132,0.20612313557922285,0.20155740394747135,0.15526690299376406,0.0,0.0
0.20532036659810815,0.21397911420097782,0.20479949196457908,0.22807119696657474,0.24918829595572067,0.8009999999999999,0.0
0.23039730387455004,0.25110614894995664,0.23892043444207134,0.2611046806335944,0.40663862912078547,0.0,0.0
0.25201540670729455,0.25321566878519614,0.24985665023332165,0.2528462919212726,0.32043752626311933,0.0,0.0
0.23428857452523189,0.24984045322844262,0.24242002349295277,0.24328395084291415,0.29331835689045427,0.0,0.0
0.23385622040844112,0.2300111907232904,0.23673318757188455,0.23937205815367013,0.19514939698779862,0.0,0.0
0.24163871320079716,0.2283236071091172,0.2310463246178039,0.22763645126820592,0.19523760192190892,0.0,0.0
0.21829119548913611,0.21313526160980562,0.21617307574385336,0.2185087847059488,0.2328632221039006,0.0,0.0
0.22564137538206447,0.22283896846791834,0.22710938185390478,0.23415631987179075,0.18600980757135951,0.0,0.0
0.2373151217771347,0.23760539678403647,0.2411076693653217,0.2528462919212726,0.15427117450722724,0.0,0.0
0.2559066960443601,0.25743466766877326,0.26385501432816405,0.27023241837811895,0.21031424845777422,0.0,0.0
0.26930990397803695,0.2557470343774726,0.2586056311013216,0.2528462919212726,0.2117653236976906,0.0,0.0
0.24725936550400995,0.2359177276410952,0.24810678129505326,0.24197992729461004,0.22512782697625405,0.0,0.0
0.24769180042127587,0.27135730732435986,0.25685582192181716,0.2871838347277301,0.4171800258122124,0.0,0.0
0.27838959600564367,0.26460699859157544,0.27741597482856717,0.2706670928942203,0.18997366359929024,0.0,0.0
0.2572037302066586,0.2654506858923785,0.26604223021451195,0.28066400171527905,0.22574529970724705,0.0,0.0
0.28011895443262874,0.27093539362653324,0.2791657153119095,0.285445207845592,0.19899086604393612,0.0,0.0
0.29438689917174304,0.28317047796033556,0.2909768203319655,0.285445207845592,0.1570414090561585,0.0,0.0
0.2870367963979574,0.2789515582709369,0.2922892260346553,0.28805318375993283,0.1546343443355255,0.0,0.0
0.2943868780808471,0.282748546192053,0.29535127251369464,0.2958768623650196,0.10809164261591124,0.0,0.0
0.29568402030437096,0.3038435477723271,0.30322541887382615,0.3180441593610451,0.36867527512959813,0.0,0.0
0.30649303969689723,0.30384351388882136,0.3062875101023413,0.31152436193972777,0.26154235273819604,0.0,0.0
0.3147079368443413,0.31818810976376705,0.3172237503031788,0.3158708935539393,0.3035728727147804,0.0,0.0
0.31773447144491046,0.31945379104186944,0.3255352869748211,0.336299528076693,0.312764919146591,0.0,0.0
0.3224904580054571,0.3122815096415913,0.31153691529830957,0.3054392390345118,0.2799518625248094,0.0,0.0
0.3077900452397271,0.2962492679660354,0.30410019191314847,0.3093509893592208,0.15222804345931004,0.0,0.0
0.30562836571985347,0.3008902779647281,0.30847482170987744,0.3167402069950083,0.17732716898157672,0.0,0.0
0.319896317669103,0.31017205888331356,0.3185361233825374,0.3136976633379673,0.16494210011575106,0.0,0.0
0.3069254588193468,0.30806256889945716,0.3145991094119736,0.3202174251681509,0.15139999791852393,0.0,0.0
0.3108166718502138,0.29624934109320483,0.30366283808817074,0.2980501281721254,0.22923790192180388,0.0,0.0
0.2974134568523235,0.3067968300379653,0.30322539178481317,0.32325996882519203,0.25355106973068847,0.0,0.0
0.3263817325314911,0.31650052669214196,0.33078466012893004,0.3319530320536152,0.2912212029461097,0.0,0.0
0.3324348173873034,0.32578231531171276,0.33384683307627294,0.3358649247428591,0.2463600283271702,0.0,0.0
0.3298406849618686,0.3181881626722057,0.3299098314504256,0.32977983742877687,0.13095849011637836,0.0,0.0
0.32205807695925553,0.31481290219895164,0.3285974095237718,0.3280411393643713,0.1368407032066284,0.0,0.0
0.31903162878216457,0.3080625960214682,0.30978720118769293,0.30500463570067793,0.1812012160021204,0.0,0.0
0.2969810985752635,0.3000464712765265,0.30060071014032175,0.3158708935539393,0.14396895659902853,0.0,0.0
0.3181668098525055,0.30975010396387603,0.3194110020975557,0.32152134194305393,0.11027858647153242,0.0,0.0
0.31297847260218875,0.30595302336922503,0.315036478893962,0.322390655384123,0.17468644425363183,0.0,0.0
0.32508464650190394,0.31101582029596214,0.326410189902418,0.3206520640931186,0.12586223473951041,0.0,0.0
0.31946392858972017,0.310593955466493,0.3220357293814679,0.31630556807004073,0.13774902879569328,0.0,0.0
0.30822251181054044,0.30131215695177066,0.314161611939582,0.31847879828601283,0.11878958922070397,0.0,0.0
0.3142756502642864,0.3067969001370741,0.31503656666727176,0.3084818538738204,0.13765524779733526,0.0,0.0
0.3017371070106072,0.2975150987538899,0.3102246059780221,0.3089164927987881,0.09598153864427354,0.0,0.0
0.3073577472621733,0.2970931317943211,0.31022454971723745,0.3128283143057645,0.1128326912425333,0.0,0.0
0.3077901373793066,0.3080625322932265,0.3176611974135853,0.31195900086469547,0.2223758674050114,0.0,0.0
0.3194638705196959,0.30510918905761564,0.314161578976467,0.3071777947343825,0.2586775351542684,0.0,0.0
0.31211377622601627,0.3101720176774456,0.31766119471528,0.32325996882519203,0.3477617305735507,0.0,0.0
0.3038988702870248,0.29540557019047003,0.30585009216083603,0.31195900086469547,0.5101239652653209,0.0,0.0
0.3147079311658237,0.3194538035476513,0.3215982526102645,0.32543323463229784,0.3665892351215281,0.0,0.0
0.3276788161406272,0.3224071081404981,0.3320970036020452,0.33499557571065636,0.22873408924013425,0.0,0.0
0.33157004894358566,0.32282898567153195,0.3399710969768218,0.33499557571065636,0.1932572779812203,0.0,0.0
0.32421985893610683,0.3219851666731346,0.33297189553373857,0.33847275829266515,0.14597950968253956,0.0,0.0
0.34021729228620423,0.33886116350385803,0.3495949601906062,0.3575975116316495,0.18592477259158183,0.0,0.0
0.35405291709593717,0.3477210468377553,0.3544069142910131,0.36020541636372305,0.220586256319261,0.0,0.0
0.3618353997114562,0.34645533005184037,0.3579064826710118,0.3528163410924704,0.16647584241775087,0.0,0.0
0.35189104220897865,0.3435020338337454,0.35659411410340097,0.3519469920602675,0.13944327390591937,0.0,0.0
0.34583802992799595,0.33126700675824033,0.34697030348116686,0.3415154087231074,0.133394179906557,0.0,0.0
0.34454091491130556,0.3447677311164467,0.35046982893831513,0.36324796002076415,0.19632711140680376,0.0,0.0
0.3609706403351514,0.37387872929330024,0.37146735270419556,0.391500344330872,0.34935268482242093,0.0,0.0
0.3851829815596474,0.37472257786862134,0.3907151490135991,0.3845459435757207,0.19258100832619057,0.0,0.0
0.38777721521939107,0.37978543148757854,0.38940285521992557,0.3854153281990571,0.30986910857542344,0.0,0.0
0.38431830172745124,0.3696598135999842,0.37977896521098237,0.37628759045453264,0.1850991140646004,0.0,0.0
0.361835331156304,0.3472990513868221,0.35396936937503215,0.34977369066202807,0.21960402878280338,0.0,0.0
0.3458330339780658,0.3367676240396636,0.3513257340980146,0.3462864713803107,0.15894307611795552,0.8009999999999999,0.0
0.3475674615982153,0.3338057334630409,0.3412351269150111,0.3366962980353845,0.15531219896772153,0.0,0.0
0.3332579875750249,0.3299975442595971,0.34342866906925174,0.3375680672646802,0.12557774088621418,0.0,0.0
0.3276209371309864,0.311803155720801,0.3192990437935754,0.3122849444672875,0.24805190551970208,0.0,0.0
0.3146124153449916,0.30418695521577954,0.31403446094484283,0.32143923319756584,0.15609019360305124,0.0,0.0
0.32024948815035553,0.30884133620863574,0.3236863090470331,0.31577234170467344,0.10636004551366961,0.0,0.0
0.3185150104584778,0.3058794874667246,0.3109634505918621,0.31141321082912565,0.16231014050249695,0.0,0.0
0.3055063989593651,0.2982631650676474,0.30789234157552703,0.3009511614815026,0.12358387780322545,0.0,0.0
0.3033384227471473,0.295301414348824,0.31052478138992035,0.304438629901156,0.13718638099776603,0.0,0.0
0.30203751042531624,0.2944550870461586,0.30569880553169393,0.3053103991304516,0.131506834927588,0.0,0.0
0.29856847671850983,0.2902237607687615,0.29780173704939944,0.29310466895970255,0.16382320171689307,0.0,0.0
0.2868607637282308,0.28091502789296546,0.2903435100213989,0.2974638354263841,0.1741619504843585,0.0,0.0
0.3003030371676514,0.28726200143342,0.30087290020960655,0.29702802199400374,0.12918556903115022,0.0,0.0
0.30247119425516017,0.290647035073084,0.3056988577224589,0.304438629901156,0.14099051715799843,0.0,0.0
0.3068072878918289,0.29868633170638026,0.3114021294165418,0.31054133482642876,0.1260521646539207,0.0,0.0
0.3124442804690418,0.3041869086714719,0.321053931312767,0.31838779175709514,0.09036873348007421,0.0,0.0
0.323718388791878,0.30968753152971495,0.3192990731729246,0.3144645454961951,0.10327510706473018,0.0,0.0
0.3124442754208788,0.2986862845317281,0.3135956766190996,0.3074898933859581,0.1703022064505324,0.0,0.0
0.30637367627170764,0.29572445576696627,0.3105247181276577,0.30400263851310694,0.1467741752222811,0.0,0.0
0.2990021594719691,0.28810822536168107,0.30438264153725664,0.3053103991304516,0.11425437756848654,0.0,0.0
0.30117029231231723,0.2923394766646668,0.30789241088964064,0.3066181597477962,0.0885409683656699,0.0,0.0
0.3094089953165333,0.2995325613427895,0.31227958335701966,0.31490050129311037,0.14394195469887008,0.0,0.0
0.3176476619833069,0.31180312501844365,0.3276346927764297,0.32884969874018327,0.10082272727402927,0.0,0.0
0.3245856324668861,0.31138006300423465,0.3324606916019179,0.32667020448467676,0.063348882977794,0.0,0.0
0.33282441084875886,0.32068884256936053,0.33860280169068374,0.33102940654249197,0.10670255335047464,0.0,0.0
0.32068297756393566,0.31137998760524416,0.32280877125582635,0.32884969874018327,0.13562324978180304,0.0,0.0
0.31851493173126794,0.30714878886836916,0.3197377525523757,0.31359270508463205,0.12909339210606893,0.0,0.0
0.3107098801671457,0.30122510272922615,0.3140344703864633,0.30618220395088097,0.08287889523654209,0.0,0.0
0.3029047289045579,0.29107007768740595,0.3004341398396173,0.2965920661970885,0.16290454513208158,0.0,0.0
0.3016038247185591,0.3003787898867439,0.30920850992538246,0.31184905985263967,0.12039881844726279,0.0,0.0
0.30247106755759423,0.2927625305468397,0.30657616249975317,0.3092335742090842,0.08753571092002482,0.0,0.0
0.3098426129463858,0.30291758122854084,0.31798295770964613,0.3175160225277996,0.21135447088163015,0.0,0.0
0.32241760475527464,0.3156113635265914,0.33158332140162794,0.3253625150495996,0.11355108691718789,0.0,0.0
0.3219839261812737,0.31349569611211514,0.32938964407735905,0.32972164592514747,0.08748882996890103,0.0,0.0
0.3302227259162017,0.32407384191879396,0.3372866377996563,0.33102940654249197,0.13415309752755972,0.0,0.0
0.33716061617734366,0.3249201119617827,0.34298998637529315,0.342363189528277,0.14239390941015265,0.0,0.0
0.3146124100528288,0.3067257078966589,0.31535061961662747,0.30879768959443643,0.24944179682177703,0.0,0.0
0.3024711319346798,0.28810821569110745,0.29780181191543326,0.2965920661970885,0.15290988917858747,0.0,0.0
0.3055064687361713,0.29149323513541253,0.3083311438399617,0.3066181597477962,0.12358229282605916,0.0,0.0
0.3124443440927715,0.29741697280091645,0.3004341398396173,0.2965920661970885,0.2744717753281499,0.0,0.0
0.29856855222601913,0.28726197373899326,0.3008728722989787,0.30400263851310694,0.17615898352167983,0.0,0.0
0.3024711447625431,0.300378847732791,0.3118408955349291,0.3162082975015887,0.1246265063369965,0.0,0.0
0.31027619134986134,0.2961475305027077,0.3074535943601984,0.30356664712505804,0.10916921703178271,0.0,0.0
0.29726765343522465,0.28599255624150277,0.3013115314583777,0.3005152768668548,0.1743494933849641,0.0,0.0
0.30160384526299416,0.29445505342336226,0.3109634273852443,0.3070540087713103,0.15534080494115676,0.0,0.0
0.3098425900368513,0.31264945222509805,0.3192990984797702,0.32797796510202126,0.18519923497162363,0.0,0.0
0.331957221120242,0.3253432593531994,0.3381641074695698,0.3419273405047628,0.2750169119928061,0.0,0.0
0.36404494391205133,0.35157697796277326,0.3627323850987359,0.36590263150254343,0.4037920865145464,0.0,0.0
0.36577948889358836,0.35073078952047304,0.3675583611156907,0.3667745075052402,0.17162932883759968,0.0,0.0
0.36924843673097135,0.3558082720098092,0.37326174987387667,0.3667745075052402,0.15672830922942704,0.0,0.0
0.364912262432921,0.3583470319367218,0.3750166138504463,0.37592876064438496,0.16236813538989528,0.0,0.0
0.3692484386428392,0.35750079044921895,0.3754553467791215,0.37592876064438496,0.10909134309341902,0.0,0.0
0.36534578222006064,0.35073071571294256,0.3710680446703087,0.36328711026785426,0.0966498643173613,0.0,0.0
0.35580622038072196,0.34438387274523635,0.3592226573754265,0.36241534103855866,0.10871864430601248,0.0,0.0
0.3627441581797911,0.35411577487622137,0.36711964877037817,0.3619794208327771,0.09868344731005982,0.0,0.0
0.3588415686353849,0.34565324927622004,0.3653647414658571,0.36067166021543257,0.06006925968294537,0.0,0.0
0.3571070380452684,0.3409988323510224,0.36141621031478516,0.3571842985691803,0.08920054802017734,0.0,0.0
0.35320448682625755,0.34607637507131456,0.3622937037467618,0.3650308266821141,0.07907556111294806,0.0,0.0
0.3666466921892335,0.3587701426514857,0.3666809052962357,0.3680822325314511,0.14596281968201727,0.0,0.0
0.36274416206136306,0.3486151252458494,0.36536475580075034,0.36546674688789565,0.08877143932253874,0.0,0.0
0.3601424571868111,0.3452301400515878,0.3622937443071043,0.3628512612443402,0.10962775283560532,0.0,0.0
0.35754075773026084,0.34311453918689777,0.36404862649779723,0.35631256493101837,0.07140692598739065,0.0,0.0
0.35754063258475727,0.3418450377525259,0.3548353901101301,0.34977369066202807,0.08779476875421845,0.0,0.0
0.34800234358097026,0.3380566983981807,0.3539464727222394,0.35502000172777154,0.089636034818702,0.8009999999999999,0.0
0.3506116457245696,0.33848106725403193,0.35614649545988203,0.35458280024117605,0.0730733671608199,0.0,0.0
0.3545256236245124,0.34017857277216357,0.3623065448319866,0.35895474392486265,0.07682980123717971,0.0,0.0
0.35669998559663274,0.34442206945147424,0.36318645207213424,0.3567687009007519,0.05464875235085055,0.0,0.0
0.3532209758831837,0.34017854339473425,0.36054650154041074,0.35239689958160036,0.0412298200659446,0.0,0.0
0.3523511809288127,0.34145161949014036,0.3570265064228513,0.3515225321995434,0.054744118326374866,0.0,0.0
0.35017671960085334,0.33763232860336895,0.3583464548265441,0.35545716762323326,0.057769457814639213,0.0,0.0
0.3510465325410085,0.3359349330128885,0.3504265046676919,0.34452755755195313,0.08950492092443889,0.0,0.0
0.3458279216734346,0.34357337532653043,0.35526646062744294,0.3598290401246523,0.08413528563054927,0.0,0.0
0.3597442268466289,0.34357343505790844,0.35790652291288516,0.3497737974354292,0.0890153921333764,0.0,0.0
0.34930702128780583,0.33593493510661543,0.3552664993133012,0.3528341010681958,0.06528870406824491,0.0,0.0
0.3527860291477907,0.3389054134195138,0.36010643813770815,0.3567687009007519,0.04720182306747124,0.0,0.0
0.349741828565345,0.3342374652161484,0.3548264684039761,0.3488993588711046,0.08375303878792403,0.0,0.0
0.3436534382643036,0.3338130692342021,0.3521864411282114,0.3510852595306805,0.05233544953246516,0.0,0.0
0.3527861101260482,0.3418759901550413,0.3614265207365341,0.35895474392486265,0.07094124823826446,0.0,0.0
0.35365577294722567,0.33805665868842455,0.3455864498288543,0.33884404499961435,0.1360142426430086,0.0,0.0
0.33843495703153925,0.32702342523619654,0.34646655365367357,0.34059288653712955,0.07873624232658608,0.0,0.0
0.34147910697696965,0.3304182779405439,0.3433865235053337,0.3370953814177676,0.0988988132435727,0.0,0.0
0.33539072170731526,0.32999388741079116,0.3451465170890768,0.348462192975643,0.08739266195673834,0.0,0.0
0.34626281895647903,0.3299939051964903,0.34778650240315323,0.34452755755195313,0.06870581935824274,0.0,0.0
0.33843495703153925,0.32659905406005024,0.34602654161739016,0.34059288653712955,0.1054016499230379,0.0,0.0
0.3388697924871886,0.32702339996031754,0.34734651695448054,0.3427787871967053,0.08596224870831522,0.0,0.0
0.3436535059813428,0.33041826812227626,0.3455865038365852,0.3427787871967053,0.1139285597322038,0.0,0.0
0.34278368172130613,0.33253998965745046,0.3504264282789997,0.3510852595306805,0.08057353640009865,0.0,0.0
0.3480023386464283,0.3329644083359862,0.3508664886130531,0.34627625672493356,0.08765888083234598,0.0,0.0
0.3462628081847319,0.32999389468541873,0.34734651463323146,0.3423415857101099,0.08782576174145833,0.0,0.0
0.33713024268989084,0.3210823366923947,0.322706508030284,0.3196078558209579,0.24728662889392367,0.0,0.0
0.31408143529783267,0.31047336342743587,0.320066507519949,0.32747723344173885,0.15144132190151047,0.0,0.0
0.31886516642263785,0.30410798269302175,0.3209465144301992,0.3161103862927297,0.12621824352639469,0.0,0.0
0.3214744442330306,0.30580540755849267,0.3169865201436168,0.31042694492265827,0.10404991264961683,0.0,0.0
0.30886283441777557,0.29859131667052513,0.31742651337713046,0.31392445004202013,0.0986262353631894,0.0,0.0
0.3084280024893438,0.29646955706978695,0.3161065416596183,0.31261291676450154,0.10862408036712655,0.0,0.0
0.3153860727738023,0.29986437429980595,0.31434651198453994,0.30911537605400585,0.1438886956468602,0.0,0.0
0.30712335020275305,0.2968938945426923,0.31478654053832694,0.31261291676450154,0.10330371303816539,0.0,0.0
0.31495123893218013,0.305381091312816,0.3209465436788622,0.32266819504485816,0.10343721394623318,0.0,0.0
0.32625816585987993,0.3172630992094519,0.33414650656628064,0.32747723344173885,0.10087199523895775,0.0,0.0
0.3236489275043809,0.31429266781255166,0.33194654809733676,0.3266029016508155,0.07566957885533522,0.0,0.0
0.32451863285982135,0.3130195372881313,0.3310665073689315,0.32310536094031983,0.059497884962548236,0.0,0.0
0.31843029657579774,0.30453237904456815,0.32314656518983936,0.32179382766280107,0.07029516953383626,0.0,0.0
0.3214745069955325,0.3138682852915997,0.32666656679300543,0.33184914153429157,0.12018345251374991,0.0,0.0
0.3297372976451905,0.32320419710597365,0.33766656890909724,0.3353466466536535,0.19276855122679618,0.0,0.0
0.33408611611178657,0.3270234369429541,0.34294653906447287,0.34321602427443443,0.1610362580713291,0.0,0.0
0.3410442336392161,0.32575031792597703,0.34338651133202436,0.3423415857101099,0.10933292798656245,0.0,0.0
0.33756511862684385,0.32787208720084915,0.3447064930502731,0.34583905523833813,0.23336546890451437,0.0,0.0
0.3458279324132294,0.3363592789442592,0.35262650428297104,0.35458280024117605,0.21545501686807172,0.0,0.0
0.35046670723545714,0.3475340983267327,0.3608398440476191,0.36303512504112884,0.21817837046587918,0.0,0.267
0.36423801958834523,0.34866571868860924,0.36025319345876017,0.3570602634681721,0.1664949003359674,0.0,0.0
0.35771476543846725,0.34668537189805604,0.3652398415011703,0.3591004184351715,0.19654326028084457,0.0,0.0
0.33104188844797094,0.31514132023435865,0.314199853154864,0.3066379840092773,0.7579641522086036,0.0,0.0
0.29900550824722444,0.2838802183887936,0.30143990758176353,0.2949797166573829,0.43515643581410585,0.0,0.0
0.28320471503134187,0.27539300743936374,0.2897065560304026,0.28973344118277305,0.2851601929738344,0.0,0.0
0.29074279609824405,0.2770905433044996,0.29131997260504,0.28521592976217885,0.20261062925789552,0.0,0.0
0.28334977109790177,0.27086660604584584,0.2905866248810588,0.28390436089352633,0.18145471686817677,0.0,0.0
0.2852341655156068,0.2718566891552662,0.28105322751646844,0.28623593606341113,0.2955259627375687,0.0,0.0
0.2834946531696193,0.28260713386942493,0.29190656550460936,0.2939596035827494,0.21701734604739634,0.0,0.0
0.291032660012553,0.2790708096016577,0.2955732513062474,0.2888591093918497,0.1685380313838846,0.0,0.0
0.28523419021753305,0.2773733696099965,0.29131989531499763,0.29162792163946355,0.12750640984816966,0.0,0.0
0.2916124732702232,0.2772319001007837,0.29762653462295335,0.29133646584544454,0.11491634423679865,0.0,0.0
0.29523650404418145,0.28713362793642416,0.3009998713966154,0.2976027832124203,0.20998682654821474,0.0,0.0
0.29480167679587627,0.2889725815727066,0.3021732588197149,0.3048893204274306,0.1649595921529117,0.0,0.0
0.30378925907017895,0.2940648597402111,0.3130265905514711,0.31115563779440636,0.20017654354099365,0.0,0.0
0.3071233878795235,0.2981670116814316,0.3168399214833093,0.31334157404511587,0.19221862143842022,0.0,0.0
0.3123419161232174,0.306654152960312,0.3207998779616337,0.31844206823601556,0.23253740426761782,0.0,0.0
0.30002766760719707,0.3104839724647174,0.3039480748580303,0.3183561868303533,0.5943607085306241,0.0,1.0
0.3119549594734823,0.3070649929191831,0.3212500100406068,0.3183561868303533,0.18452762476754064,0.9999999999999999,0.0
0.3172238208252205,0.32628315988525886,0.32683824484090507,0.3410045691808489,0.13352000417822896,0.0,0.0
0.33284886616439224,0.34668917259526444,0.338235318072812,0.3601827092204108,0.11049964304595565,0.0,0.0
0.3640988789740871,0.36282248115852334,0.3626838359104536,0.35799090043263776,0.13911134531429667,0.0,0.0
0.3415697357727223,0.3660136493406717,0.3518382024396503,0.38210044118680375,0.10271988765376307,0.0,0.0
0.3875363063952819,0.41122238379350445,0.3830882049682108,0.42447485348932046,0.18301139359881188,0.0,0.0
0.4284157398191027,0.42115068045454723,0.4253676739573457,0.4314155872491239,0.13553846305146103,0.0,0.0
0.4302326268181054,0.42629207127940655,0.4130515136084983,0.43506855444056736,0.08106298880671939,0.0,0.0
0.4360464667225407,0.42540553062289405,0.4310661415898163,0.44091322364638263,0.07761614087277054,0.0,0.0
0.42587214984503524,0.4305469942230364,0.435110338366588,0.45168954270473805,0.04920494776402211,0.0,0.0
0.43949865216138545,0.4564312952600656,0.450367739234982,0.4737900707339081,0.09664159570154192,0.0,0.0
0.46875005974471934,0.46228181249609096,0.4707721380619478,0.4816439306203878,0.0687650936850404,0.0,0.0
0.4765625295312545,0.4578495444079534,0.4595588545665051,0.45552516359442363,0.0635804997012891,0.0,0.0
0.46130088935329033,0.4438436677494771,0.4474448678663832,0.46045667108242894,0.036164213946328655,0.0,0.0
0.46511634405539243,0.46033160453701,0.46654418980964746,0.47232884114797025,0.05901843891779669,0.0,0.0
0.463299458268081,0.4606861729390343,0.456617683532934,0.47543384724468696,0.057654976632567065,0.0,0.0
0.46765990364445026,0.46529564818489316,0.4770220919639127,0.4789041607378882,0.0385225835853463,0.0,0.0
0.47202038702061183,0.45838139947089956,0.4694853515787554,0.46356171277027935,0.07695159622954938,0.0,0.0
0.4454942669768534,0.4353338359497096,0.45165447401582576,0.44292244991818086,0.07325267963782699,0.0,0.0
0.44622098868073706,0.43427010520678383,0.43547801218238463,0.42904116035424245,0.0771387381118358,0.0,0.0
0.42405525603070343,0.4161865463306585,0.4308823788908886,0.42739727707006236,0.07474217625194339,0.0,0.0
0.42441861794846675,0.4198209563852863,0.433272050807672,0.43031966505967056,0.053050904406112404,0.0,0.0
0.427507256256827,0.44910912238595874,0.4362131983880126,0.4701369611779298,0.113467178607926,0.0,0.0
0.45803057990926516,0.4475668047065075,0.46047799503036363,0.4688585276547691,0.0411788525471872,0.0,0.0
0.4687500001072485,0.4599769736075379,0.47068014734274816,0.4642922563809808,0.08948628312065199,0.0,0.0
0.4683866248380289,0.45909051151879393,0.4713234975219181,0.47178080887097606,0.03766325861566376,0.0,0.0
0.46893173427876217,0.4638774030268323,0.47573536668924404,0.48529686222069746,0.06210246075343513,0.0,0.0
0.4843750471866706,0.4681322981766422,0.47224269993243745,0.47050233975668165,0.0443831798785812,0.0,0.0
0.47056690882345403,0.4571403887757644,0.4571691812943269,0.4522375037994647,0.05963524328492438,0.0,0.0
0.4471294802533677,0.44987158807278166,0.45716923786219127,0.4560731958714178,0.03979438454047644,0.0,0.0
0.44803779578454755,0.43427004557416576,0.4501838221922924,0.44401830092536676,0.05081474987389406,0.0,0.0
0.4387718341337648,0.43391549013960634,0.44117650429919747,0.43689502024072213,0.13445189436757357,0.0,0.0
0.4249637137899676,0.4174276069553387,0.43363976656427133,0.43488593633345884,0.02826797228046801,0.0,0.0
0.4433140260017134,0.43231992388159884,0.4523897922749804,0.45077634539579436,0.05222404282417342,0.0,0.0
0.4485828951875583,0.4340927805530795,0.4569853372839176,0.45570781729266585,0.013730103404483215,0.0,0.0
0.4489462796177551,0.4326745056241738,0.44816185388590707,0.4432877573146653,0.05108591464210499,0.0,0.0
0.4413154224367058,0.4287740454181334,0.4444852936955072,0.4425570713394289,0.03417439923875265,0.0,0.0
0.43750006216915877,0.4271785374034632,0.4455882902069956,0.4414612559233767,0.011776571306738242,0.0,0.0
0.4411337756621417,0.42948326162016875,0.44466916474240076,0.4374429813354489,0.03167853760458582,0.0,0.0
0.4347747733399045,0.41654116927180956,0.4308824154485163,0.4275799663594383,0.04071672667460237,0.0,0.0
0.42641714990680774,0.415441925145087,0.4200367779548178,0.4127854083042888,0.030435380815111743,0.0,0.0
0.4196947550138512,0.4064356110185377,0.4229779214865343,0.42648400857885116,0.03158878588553009,0.0,0.0
0.4273256421951706,0.431788019042682,0.4386030008448932,0.45260281119594914,0.04291468898594593,0.0,0.0
0.4484012263755945,0.44295726549255293,0.45873166992971154,0.45972609188059366,0.025825579755525862,0.0,0.0
0.4576671524632741,0.4459711177385082,0.46231615601271664,0.4602739817930529,0.018983443385809127,0.0,0.0
0.46111921987086585,0.44207078854288123,0.4421875473863273,0.4383562142355263,0.05944428218055048,0.0,0.0
0.4420421703957435,0.44597114728613435,0.45165442210827905,0.46575345037578486,0.052159116048686296,0.0,0.0
0.4647529209112316,0.46192716784325943,0.47647060003577296,0.4838356326347597,0.03773582383532584,0.0,0.0
0.49963657627343055,0.4885204895419362,0.5027572678723977,0.5033789732974049,0.06549011074502807,0.0,0.0
0.49636632364085925,0.4872795711519225,0.5031250251201065,0.5028310833849456,0.036931877585911724,0.0,0.0
0.49909160547107717,0.4803652642634289,0.5029411956425258,0.49607307450565186,0.0055302335826680656,0.0,0.0
0.4987282989537601,0.5121001347169833,0.5051471324907637,0.5357078948813373,0.10174216679936872,0.0,0.0
0.521802256386412,0.5262830785063008,0.5334557926345325,0.5468492010159738,0.0755804955001448,0.0,0.0
0.5432412380119795,0.5282332959324065,0.5472425807377397,0.5512328185915197,0.08094268331096383,0.0,0.0
0.5526888803241805,0.5398457488924051,0.5568933727920047,0.5627397168517103,0.07930232742439206,0.0,0.0
0.5755814473388766,0.5750377633880583,0.5886029901439787,0.5848402448808804,0.20659890921107568,0.0,0.0
0.6010174580328245,0.5849658546012946,0.5726102990922792,0.567123263244989,0.23853142508447878,0.0,0.0
0.5581395525985425,0.5518127952118326,0.5579043730322015,0.5629223705499526,0.08866705998288797,0.0,0.0
0.5595930066331852,0.5574860477281272,0.5718750021809897,0.5696803438381127,0.04822531729858401,0.0,0.0
0.5628634199936547,0.5433029783465608,0.5626838842097555,0.5674886418237408,0.03647739015750186,0.0,0.0
0.5683139071542457,0.5546494010968093,0.5670955298803184,0.5656621048413186,0.030517494089992516,0.0,0.0
0.5646803283848517,0.5539403138047105,0.5705883084400727,0.5621918269392511,0.034625067445075056,0.0,0.0
0.566860473401002,0.5748603839041735,0.5784926575301845,0.5881278690847058,0.07557285705596983,0.0,0.0
0.5881177678214119,0.5691871920533094,0.5821692012867821,0.573150764104715,0.07926986403664849,0.0,0.0
0.5704943188576691,0.5683008115270978,0.5816177354943022,0.5894065161546687,0.03325969554880169,0.0,0.0
0.591206400910766,0.5727329262384124,0.5909926574747695,0.5934246839691953,0.041587509310547346,0.0,0.0
0.5892078348149573,0.5771651492017413,0.5873161645012632,0.585570788491582,0.038755556132682445,0.0,0.0
0.5797602097125522,0.5638685118273203,0.5851838483816125,0.5833790152949426,0.04392487322808385,0.0,0.0
0.5890262560439162,0.5778744673260758,0.5945773483181214,0.5994521848289215,0.0484353745133953,0.0,0.0
0.6048328702519425,0.5998581765594724,0.6119485442372017,0.6027397378504793,0.08160913756522874,0.0,0.0
0.6008357637898275,0.5904618762153389,0.6069853093214419,0.604200967436417,0.05206363549649935,0.0,0.0
0.5950218515883122,0.5736194179504954,0.5987132721629236,0.5915982181690406,0.19853653138440974,0.0,0.0
0.5872093092998766,0.5652868329936291,0.5733455685460134,0.5658447585395608,0.11359321293681278,0.0,0.0
0.5585028883809624,0.5436574616235712,0.5630514349206088,0.5612784872657726,0.06539653980388485,0.0,0.0
0.5597747358612986,0.5507490413499225,0.5711396956445347,0.5704109586310816,0.04394396933852124,0.0,0.0
0.561409936971351,0.5454304006280273,0.5707720642165677,0.5684018391326846,0.028520040938241554,0.0,0.0
0.5697676132846929,0.5484444844908094,0.5349265868620336,0.5267581483965379,0.11548945670324558,0.0,0.0
0.5143532452249205,0.5087315277067417,0.5181985209952642,0.5296803940216113,0.08920938951930985,0.0,0.0
0.5272529682268086,0.5218509927404966,0.5336397306138039,0.5351598626043432,0.05358750510940305,0.0,0.0
0.5310683049095375,0.5209645062584813,0.5375000242070651,0.5316895135200085,0.05617884729575684,0.0,0.0
0.552870770139534,0.5709602016748025,0.5641545066015048,0.5937901337302147,0.18088408689608668,0.0,0.0
0.5839390013927612,0.5713146490464602,0.5637868513966762,0.5547032388581221,0.07652002413366436,0.0,0.0
0.5552325873630177,0.5486215919162907,0.5623161773554952,0.5643836001358904,0.04097834338759461,0.0,0.0
0.5686773361536301,0.5590816806900412,0.5632353005578334,0.5744292688101432,0.08921320874139732,0.0,0.0
0.56885912565082,0.5486216745695096,0.5623162604066831,0.5537900415491784,0.050818569095981536,0.0,0.0
0.5523256095175547,0.5473805686937971,0.5650735545110319,0.5572603194512459,0.06480265076928203,0.0,0.0
0.5554143541274317,0.542593864352799,0.5465074513068122,0.5457535635555901,0.07130487637321324,0.0,0.0
0.5523256754111331,0.5328429193939033,0.5344669835257811,0.5305936625128224,0.05652830611676107,0.0,0.0
0.539789274419352,0.52433302455278,0.539889726712385,0.5336987042006728,0.0267192777239957,0.0,0.0
0.5259812189654429,0.5076679110666444,0.5259192226194116,0.5243836503193889,0.038574143083527246,0.0,0.0
0.5250727209387814,0.5202553526195663,0.5292279709222212,0.5417351821942611,0.050818569095981536,0.0,0.0
0.547965158367142,0.5326656392648184,0.5481617974841151,0.5461187997698072,0.048735183447262326,0.0,0.0
0.5463300474076118,0.5324883776293565,0.5476104152740175,0.5386302828709455,0.052180121770167426,0.0,0.0
0.5341570711364555,0.5214964189822873,0.531985328802989,0.53735170698325,0.030490759535380173,0.0,0.0
0.5341571187429144,0.5195462730346803,0.514889778895123,0.5066668110480324,0.06578037162367639,0.0,0.0
0.5059956600659824,0.5000444176629653,0.511948544066194,0.5152511789540799,0.034099924408046836,0.0,0.0
0.5070856223863136,0.49188888357963084,0.5137866420939774,0.5083104096031427,0.03780647944394418,0.0,0.0
0.5107195673643007,0.4949030428328713,0.5000920171807275,0.4946119872842488,0.0576473381883921,0.0,0.0
0.4767441092896056,0.4720325618952668,0.48033082429550594,0.4929679972266676,0.048920415718505,0.0,0.0
0.4905523312435231,0.4909494277854581,0.5016544288968965,0.5011872001007656,0.056285785514206224,0.0,0.0
0.4980014916178495,0.48479752288960115,0.5068015006198414,0.5010046175847908,0.029016539809613686,0.0,0.0
0.5023619055695853,0.5175959260609371,0.5110293511707711,0.5115981761715028,0.11515718438163501,0.0,0.0
0.5188954595313436,0.5105045235463908,0.5227941722026752,0.5282193068002083,0.0782214875736358,0.0,0.0
0.5290697455948792,0.5151139266121336,0.5209926213446949,0.5249315402318482,0.059438553347419265,0.0,0.0
0.5183502311184623,0.506249429256383,0.5268565613756355,0.525114122747823,0.02300699385496714,0.0,0.0
0.5321585867323171,0.5167096726642784,0.5256435361281937,0.5181736381259555,0.05584848458519,0.0,0.0
0.5150799603815709,0.5002216743506886,0.5152573706313168,0.5145206353433784,0.048401001514607994,0.0,0.0
0.5041786918443799,0.49968969547481185,0.5145403683598788,0.515981651382514,0.04930424753829653,0.0,0.0
0.5116279150734108,0.49348462874945603,0.5154411984523111,0.5147032178593534,0.028325260611780177,0.0,0.0
0.5099928441665416,0.5055404104642482,0.5145222010533388,0.5280366531019661,0.03915466484082389,0.0,0.0
0.5152617023987925,0.5025264707598114,0.4939338587627467,0.48529686222069746,0.12433859427993198,0.0,0.0
0.4834666048897644,0.47025979266404844,0.4748161931282065,0.4659361040740272,0.09645636343029924,0.0,0.0
0.46638806725949705,0.45820407877585806,0.47444849885222135,0.47178080887097606,0.05743155214044961,0.0,0.0
0.45930243591195735,0.468486936595965,0.46488981559224224,0.48000011851847524,0.0749732391882358,0.0,0.0
0.48473839717071615,0.4697278743798194,0.48014708805393264,0.47159819076386755,0.026224688463667312,0.0,0.0
0.47946952450088237,0.46724587460827466,0.4834559217522148,0.48511424411358905,0.08282555980009046,0.0,0.0
0.48510178315213753,0.47167807258830446,0.48694854478380617,0.4789041607378882,0.0754239073945582,0.0,0.0
0.48582839246566983,0.48745665307181746,0.4961396038414067,0.5083104096031427,0.1301419022418547,0.0,0.0
0.521984117200255,0.5425938693159931,0.534375103826408,0.5663928619988223,0.1930807726324475,0.0,0.0
0.5541424180221082,0.5541175549831094,0.5641543563155558,0.5656621048413186,0.12290447638608402,0.0,0.0
0.5496003196630285,0.5310700174152589,0.5329963257020833,0.5304110088145801,0.26125961572706,0.0,0.0
0.5325217363899442,0.5141387436081617,0.5242646193521459,0.515981651382514,0.07920684687220511,0.0,0.0
0.5168968598905267,0.49968982552402147,0.5099265385031699,0.5077625908729508,0.07434688676588942,0.0,0.0
0.505268933819972,0.5032355951182903,0.5172794086283536,0.508675859364162,0.05385676026657024,0.0,0.0
0.4978198566336827,0.4778832722395496,0.48437506098657573,0.4787215426307796,0.1192036501833179,0.0,0.0
0.4672965633819505,0.45058071363212876,0.4643382976247112,0.466849408156372,0.13034241140144728,0.0,0.0
0.4696584379506727,0.4612179798886153,0.47591910203103155,0.4810958983433937,0.05917884624547076,0.0,0.0
0.4700218441636868,0.4507579698962912,0.4687500210729308,0.46648406516875385,0.051626334567483126,0.0,0.0
0.4672965049213435,0.4484531703261733,0.4650735158882569,0.46283106238617666,0.04436217415710007,0.0,0.0
0.4623911046475336,0.4523536178715048,0.46948540863420735,0.467580022949341,0.04574091333067962,0.0,0.0
0.4674783006057989,0.4496942929248405,0.46488982726059885,0.469041216944145,0.057614874800648544,0.0,0.0
0.4632995203578048,0.46423203468412205,0.4742647895865529,0.480548079613202,0.04370335834701013,0.0,0.0
0.4845567103800386,0.4707916718505572,0.49283092509662935,0.484931554824213,0.024668355463020045,0.0,0.0
0.4832848561078326,0.46901874966115836,0.48878676226982215,0.48730594612796085,0.03646593249123942,0.0,0.0
0.4792878281713446,0.4658275895442296,0.48566181364807676,0.47762562044132617,0.05055886199403303,0.0,0.0
0.4714753503845976,0.46494108301654097,0.4768382857491024,0.482922435325816,0.024912785676618632,0.0,0.0
0.48437504614781096,0.4775286746369562,0.49522060705062093,0.4896804442051097,0.029287704577824623,0.0,0.0
0.4932776540958496,0.48320188657235236,0.5020220887653497,0.5019178148937344,0.04515275312920801,0.0,0.0
0.49927335773836307,0.48603861070962256,0.503676603209809,0.5073973546587338,0.03574791873879357,0.0,0.0
0.5045421896330667,0.49596668700762886,0.5125919056160877,0.5119634835679874,0.042889864042377324,0.0,0.0
0.5119913451401897,0.49898066923937373,0.5123162111825914,0.5042923129708834,0.023539775336170316,0.0,0.0
0.49727469660260354,0.4860385085687094,0.509374984460818,0.5075799371747086,0.02517631200065461,0.0,0.0
0.5001817136866942,0.4824927519911116,0.5031250244459613,0.5024658471707286,0.040699540175208715,0.0,0.0
0.49745635211078404,0.4805424491189855,0.48897052845668804,0.5015524363149826,0.06597324233909402,0.0,0.0
0.4967295913559094,0.4876340457681679,0.5016543605173132,0.5015524363149826,0.02444302135985885,0.0,0.0
0.48855376855828153,0.4796560785073834,0.4998161464175384,0.5000913490935797,0.029555050123948077,0.0,0.0
0.4932777593361645,0.48993900306648414,0.5053310244511993,0.5084932768481872,0.028888595869683172,0.0,0.0
0.5016351224897326,0.4883432189591816,0.5077204999088334,0.5015524363149826,0.048483114789488774,0.0,0.0
0.5023620141989624,0.4826700289238995,0.5007353864854343,0.4993608054828781,0.04274664321409691,0.0,0.0
0.4923692218019839,0.4911799706688496,0.5042280055554968,0.5117809010520125,0.04190259513276427,0.0,0.0
0.5112645753920297,0.497385054326504,0.5090073729664166,0.5028310833849456,0.037837033220643995,0.0,0.0
0.49636638068706745,0.4833792418220621,0.4893383501571858,0.4803654259149597,0.06926732138954375,0.0,0.0
0.4809229496483965,0.47164260654325446,0.48511027458200023,0.49315068651604355,0.036376180772183686,0.0,0.0
0.49182413131691965,0.4739828357869477,0.4788602832548636,0.4759817727482799,0.050306793336259495,0.0,0.0
0.4654797714982411,0.4521763603702244,0.46783099580682547,0.46136997516477374,0.04076446695069584,0.0,0.0
0.4596657861365883,0.44176947929206317,0.4483456711962834,0.44785399299731987,0.0701762962463635,0.0,0.0
0.45185322512290654,0.44951690329888344,0.4595588308227219,0.4641096026827386,0.053791833491083116,0.0,0.0
0.45766727183582273,0.44588257219486443,0.46415451797486834,0.4560731958714178,0.028174401339324803,0.0,0.0
0.4558502910110966,0.436929367425072,0.4499080877607215,0.44219179953407817,0.045781015162598124,0.0,0.0
0.4416787419628801,0.4309015054195446,0.4503676146335183,0.44420088344134157,0.03464989238864366,0.0,0.0
0.4474927834935319,0.4518217377708354,0.45275743385648753,0.4677626410564494,0.10156648258334473,0.0,0.0
0.4667514701755176,0.4494282678730623,0.4685661740373686,0.46940641756722834,0.035209408424459174,0.0,0.0
0.4742006405036963,0.47079166759516217,0.48400739892131256,0.47762562044132617,0.08349965249853031,0.0,0.0
0.4832848999159351,0.4796561220724061,0.4920956355111969,0.5017352323777596,0.05111646841880482,0.0,0.0
0.5016351478629785,0.4856838782393243,0.50459555916885,0.5059360538905285,0.05249711720342809,0.0,0.0
0.5025436174123427,0.4876341231691765,0.5032169215878046,0.49625576379502767,0.03704836385957981,0.0,0.0
0.49854653254612097,0.5027037144676716,0.5102022663783425,0.5212786086315385,0.03861424491544577,0.0,0.0
0.5208939922044798,0.501906025614475,0.5222427677847161,0.5167124797222852,0.05566134270290357,0.0,0.0
0.5107194161931248,0.5218508664623833,0.5227940142835314,0.5189040393721222,0.09793822160024068,0.0,0.0
0.5178053315786234,0.5039447846437208,0.5166361132340551,0.5243836503193889,0.051261598858128976,0.0,0.0
0.516170184677975,0.5053631617130172,0.5242648385062865,0.5234704530104453,0.03714575402281049,0.0,0.0
0.521802352853443,0.5165322807511736,0.5299632682692343,0.5391781016011373,0.06018903048760868,0.0,0.0
0.5405160242006813,0.5234465808210562,0.5382353010427288,0.5318721672182506,0.06191340926010497,0.0,0.0
0.5441497938443529,0.5395799361715188,0.5564338973548504,0.5576256268477303,0.080392715330367,0.0,0.0
0.5577761743874227,0.5406435552428046,0.5665441035269021,0.5632876779464371,0.05968298356101785,0.0,0.0
0.562136680462129,0.5450758650133922,0.570680255149391,0.5647489787146424,0.045286425902269736,0.0,0.0
0.5614100267230995,0.5413528434187289,0.5632353913205463,0.565296939809369,0.037436014901458814,0.0,0.0
0.5652253890447589,0.5438348545945231,0.56819860725589,0.5665754445147971,0.06538317252657869,0.0,0.0
0.5532340634653552,0.5560678101536103,0.5659926961413828,0.5705936835115913,0.07018202507949473,0.0,0.0
0.5641352590874174,0.5480721191667457,0.5762133409026595,0.5687672177114365,0.02740864731078547,0.0,0.0
0.5648619208690586,0.5484443275177189,0.5762867298312107,0.5700456512345972,0.0220101768901354,0.0,0.0
0.5735829397545296,0.5573088857252719,0.5828126242946234,0.5811873132805707,0.04455695448356145,0.0,0.0
0.5799418939900889,0.5613865010557801,0.5772059699104846,0.5689498714096787,0.04504390529971489,0.0,0.0
0.5694041466127263,0.5518128722468283,0.5684743176998925,0.5640183639216734,0.018177587525351282,0.0,0.0
0.5572310708882569,0.5385161048270628,0.5584558952532435,0.5508675823773027,0.03373900792078016,0.0,0.0
0.553597482287096,0.5406436330382853,0.5607537665499873,0.5647489787146424,0.020121571567877552,0.0,0.0
0.5624999877882256,0.5459622936031066,0.565257351046565,0.5643836001358904,0.0161744055404691,0.0,0.0
0.5590479966301412,0.5564223815419835,0.5705882693058268,0.5808219347018189,0.035772743682362176,0.0,0.0
0.577398203465264,0.5612090787583326,0.5841911173130621,0.5773515856174841,0.034227868347977336,0.0,0.0
0.5784884128431582,0.5594362801244486,0.580330908047507,0.5833790152949426,0.022827490416855677,0.0,0.0
0.5904797839574599,0.5766334536163225,0.5965074933150678,0.5937901337302147,0.07312664530894021,0.0,0.0
0.5995639984583891,0.610176465656062,0.6102941702738933,0.6228311463812523,0.14684145081935202,0.0,0.0
0.6124638090092562,0.594007821212114,0.6110295970849131,0.6052969608081379,0.05035835283444044,0.0,0.0
0.5926599399556758,0.5821293212111678,0.5984375746724382,0.5899544060671279,0.04627751403397026,0.0,0.0
0.5761265104702529,0.566705173004886,0.584007428822954,0.5899544060671279,0.0359407894542112,0.0,0.0
0.5924783330954475,0.5711020141587091,0.587592030445355,0.5791781937821737,0.019808395356704363,0.0,0.0
0.5777616606704292,0.567946165520252,0.5878676791449824,0.5848402448808804,0.014022273894175274,0.0,0.0
0.5897529340176992,0.5918802536199788,0.6020220963426914,0.6164384093073092,0.061292785670889804,0.0,0.0
0.6086482625938422,0.5860296378523988,0.5990808849355513,0.5903196422813449,0.04213938690218791,0.0,0.0
0.5882995109438883,0.572023835664295,0.5915441893893256,0.5895890986706435,0.019602157363980553,0.0,0.0
0.5939317707484512,0.5800019022609579,0.6045956808878667,0.6025572265167719,0.02376701905037525,0.0,0.0
0.6039244779334313,0.606063365544135,0.6170956050094705,0.6263014242833196,0.053029898684631274,0.0,0.0
0.6188226838227141,0.6292881698367361,0.6303308765344293,0.6498630395338927,0.07132588209469437,0.0,0.0
0.6428053339182849,0.631238459364724,0.6507353971836494,0.6549772719024076,0.040046453198249995,0.0,0.0
0.6573402278825038,0.6356707131469943,0.6558824562666699,0.6526028450075261,0.03173391632485424,0.0,0.0
0.6527978906048928,0.6438258193619855,0.6597425482120449,0.6701368882161056,0.03062634191948564,0.0,0.0
0.6569767790139234,0.6601365839224942,0.6658088763340095,0.6852968604411408,0.05519157838614379,0.0,0.0
0.6855014581462948,0.6764471377322567,0.6954228229704746,0.6869406725430534,0.0848955781715035,0.0,0.0
0.6934956640452804,0.6746743160040889,0.6988971171824203,0.7013699587928522,0.059003162029446776,0.0,0.0
0.7033067028598562,0.6963036035665708,0.7163603423581368,0.7225571471485437,0.04361742585004187,0.0,0.0
0.7191134471080544,0.6945306776231854,0.7084559319758432,0.7112329025865953,0.07888221299476948,0.0,0.0
0.706758756095403,0.6835387292182906,0.7011029292896864,0.7114155562848375,0.044450016265112066,0.0,0.0
0.7023982900696569,0.6906303560911902,0.7147059313821496,0.7168950248675695,0.04272372788157204,0.0,0.0
0.7062136803518659,0.6812339787306985,0.681617708330583,0.6781735797564962,0.11849900370817819,0.0,0.0
0.6858648539184011,0.683361491122616,0.6979779844384129,0.6962557264243373,0.058913410310391046,0.0,0.0
0.7102107880557983,0.6959490126234731,0.7200368227526976,0.7218265323555749,0.07130678598425698,0.0,0.0
0.7105742649220633,0.693644328327232,0.7205883679480165,0.7201827914359296,0.04353913179724858,0.0,0.0
0.7082122100649428,0.6924031937774049,0.7093750038095652,0.7181735295729976,0.06413237729292966,0.0,0.0
0.7132994184851988,0.6939988206419612,0.7180147533957375,0.7154338664638992,0.08305662273638287,0.0,0.0
0.7140262754304916,0.6939989150135788,0.7261030606593919,0.7201827914359296,0.040724365118777334,0.0,0.0
0.7216569395972139,0.7179327539860128,0.7297793580482912,0.7437442643219677,0.07183765785441641,0.0,0.0
0.753633783061878,0.7447035990408706,0.7604779835602777,0.7674886756353179,0.11865368220272106,0.0,0.0
0.7559958465608086,0.7322934590512089,0.7501840336286754,0.7446577463599813,0.04971481391270041,0.0,0.0
0.7232923155329484,0.7062318625684874,0.7262868647076366,0.728767301706512,0.040720545896689844,0.0,0.0
0.7236556516596094,0.7048135398051214,0.7253677167623973,0.727123418422332,0.03779120255559426,0.0,0.0
0.7196585169007664,0.701622308627549,0.7272059752330928,0.7170777497480793,0.06582047345559491,0.0,0.0
0.7227472145798862,0.7023315485597244,0.7227942466913992,0.7231051794255378,0.02480393784712551,0.0,0.0
0.7189316789571805,0.7182873985456624,0.7288603124488688,0.741552562307596,0.08001270273266295,0.0,0.0
0.7440044969865739,0.7278611570816464,0.7488972038518009,0.7514156484658738,0.05219730826956108,0.0,0.0
0.7436411131122362,0.746121928199293,0.7582721709044178,0.7702284811089513,0.056350712289693336,0.0,0.0
0.7716207092426597,0.7514405861435065,0.7772058986813255,0.7822831980993337,0.04242009972561754,0.0,0.0
0.7770712360698897,0.7686375581628018,0.7829044125435425,0.7749771925341793,0.05789940684616565,0.0,0.0
0.7736193309913542,0.7585144603820675,0.7810663104894116,0.7811873470921478,0.040088464641212254,0.0,0.0
0.7701671046175476,0.7436397342128835,0.7746322975197584,0.7673059507548082,0.05482875228783338,0.0,0.0
0.7654434688057996,0.7406260163601537,0.7613972206028699,0.7596348513399718,0.021834492674111413,0.0,0.0
0.7590843965258086,0.7358391799061084,0.76139720265617,0.7563471559538791,0.04748056899152582,0.0,0.0
0.7489099197018195,0.7278610494695246,0.7545955795043182,0.7572602820805554,0.031237417453482113,0.0,0.0
0.7530887145640976,0.7415123544751419,0.7654411949100868,0.7680365655477771,0.03695861214052408,0.0,0.0
0.7779797750721602,0.7567593306857419,0.7801471537442759,0.7713243321161372,0.041942696964682794,0.0,0.0
0.7721657735938119,0.7620779433353921,0.7779412380450244,0.7810046933939055,0.06855121724814164,0.0,0.0
0.7839753832909802,0.7583548729082059,0.7768382594965484,0.7724201831233232,0.05477528317860869,0.0,0.0
0.760901313228193,0.7427534652468593,0.7601103875532536,0.7720549469091061,0.06710182246594376,0.0,0.0
0.7449128356404414,0.7409805158161982,0.7509191261187771,0.7499544188799361,0.09435197206009889,0.0,0.0
0.7563591092718223,0.7478948188617975,0.7702206867079835,0.7753425711129314,0.05952066662230003,0.0,0.0
0.7728925384202265,0.7555182630494979,0.7843751081640358,0.7753425711129314,0.055900044083370945,0.0,0.0
0.7745276842197043,0.7865438537907121,0.7886030094238126,0.8146119773187314,0.10713490838688756,0.0,0.0
0.8035975821916429,0.778920562889093,0.7968751668892924,0.8043837973107711,0.05076700959780059,0.0,0.0
0.7997820481043282,0.776261056397485,0.7970588881349165,0.7976256816580762,0.045378087232369205,0.0,0.0
0.7691678679515136,0.750022199491232,0.7693014404265734,0.7749771925341793,0.053048994795068666,0.0,0.0
0.7676235381951684,0.7523269639979555,0.7759190837248757,0.7660273748671126,0.01871800745072941,0.0,0.0
0.756722439430079,0.7468310088421737,0.757720629921264,0.772602765639298,0.03111329273563908,0.0,0.0
0.7886991470409825,0.7681057266456337,0.7773897352478547,0.7711416072356276,0.03976574037482036,0.0,0.0
0.7663518881262686,0.741459226796308,0.7704045384675919,0.7667581320246164,0.018462119570868383,0.0,0.0
0.758539347616513,0.7354845806220638,0.7637868454995786,0.7605480486489155,0.014260975274642648,0.0,0.0
0.7576309133980548,0.739916795123059,0.7604779982834318,0.7636530903367661,0.012114572461480042,0.0,0.0
0.7559957041917134,0.7314777636491028,0.760661829280391,0.7578083143575496,0.020560782107937516,0.0,0.0
0.7490915756431079,0.7237834049678524,0.73915440037293,0.738082213223261,0.043080825146751225,0.0,0.0
0.7123909381168512,0.6872617472522184,0.6976102672716897,0.691324218936332,0.12567914123263674,0.0,0.0
0.6800509523461559,0.6828296244837202,0.6909927174360158,0.6854795141393829,0.06441309011635929,0.0,0.0
0.6758721239461652,0.6723694972190701,0.6873161748042318,0.6876712873360225,0.03953849666061543,0.0,0.0
0.679505872765155,0.6551724983821643,0.6518382405601695,0.6646575619979085,0.13376061516974005,0.0,0.0
0.6498910597585222,0.6457761549231587,0.6538603441458859,0.6708676453736094,0.06954421499088591,0.0,0.0
0.6755087654165897,0.6583637185001108,0.6783088827629651,0.6725114574755221,0.043138113478063386,0.0,0.0
0.6631540786897454,0.6675826712264945,0.6772058866901902,0.6926027948240275,0.04729724633132687,0.0,0.0
0.6684230466056461,0.6489673672453249,0.6726103541442459,0.6708676453736094,0.07168679858196103,0.0,0.0
0.6764171971931404,0.6521585685617657,0.6444853634672192,0.6558904692113513,0.09868487951834262,0.0,0.0
0.6602470978798819,0.6512720850316716,0.6730698784407969,0.6787214696689554,0.041293429209811536,0.0,0.0
0.6776890053753414,0.6551725323741999,0.6788603574770324,0.6708676453736094,0.004084658022557662,0.0,0.0
0.6658794010102245,0.6466625369026382,0.6678309212528817,0.667762603685759,0.03818267281956075,0.0,0.0
0.6597021264108812,0.6702420961315987,0.6626838684423781,0.6907763290238728,0.1434499816056716,0.0,0.0
0.6666061550258556,0.6448897325043501,0.6551471137660569,0.6531508061022528,0.0734493695753321,0.0,0.0
0.6540698315474717,0.6420530970520117,0.6612133146277379,0.6580822424079905,0.06330742532203441,0.0,0.0
0.6598838290654058,0.6445351844253164,0.6500184874595805,0.6604567404851396,0.050770828819888064,0.0,0.0
0.6607922255360834,0.649853829529798,0.6680147952639355,0.6631964747765056,0.030889868243521617,0.0,0.0
0.6517079677038116,0.6367345058436604,0.6579045597140856,0.6520549550950668,0.0336721715342493,0.0,0.0
0.6413517746640555,0.6301747298350795,0.6459559082081203,0.654429310807681,0.08298405751672079,0.0,0.0
0.6473474104980875,0.6248559611232822,0.6454044229756981,0.6414611829615525,0.04458368903817379,0.0,0.0
0.6449855537752855,0.6351388515121155,0.656985407178412,0.6560731940918612,0.04973963885626902,0.0,0.0
0.6547965609348463,0.6565907802229871,0.668750045297763,0.6714156064683361,0.0565397637830235,0.0,0.0
0.6702399348387316,0.6548180003140582,0.6806067592894163,0.6743380656402117,0.044480570041811884,0.0,0.0
0.6713299501340075,0.6493218846994804,0.6719669042251262,0.6644749082996663,0.058319521275788225,0.0,0.0
0.663154077514462,0.6458647627720289,0.6764705745463242,0.6734246547844657,0.04949711825371417,0.0,0.0
0.6776889749607788,0.6594274071357988,0.6823529491880049,0.6781735797564962,0.06577846201263265,0.0,0.0
0.6778706847095444,0.6869072144278139,0.6911764553046045,0.7139726368779613,0.03977528843003905,0.0,0.0
0.7116642516295123,0.7197057880962929,0.726102974277665,0.7495891114834518,0.09295986560921318,0.0,0.0
0.7757995377685293,0.7751973408607,0.7806802760367912,0.7996348011564732,0.11607952651576094,0.0,0.0
0.7955124697588266,0.7753746778492359,0.801654531929781,0.7947033648507354,0.037497122454858464,0.0,0.0
0.7952399097314087,0.7817570611519684,0.8023898008669501,0.8129681652168188,0.025499036267046502,0.0,0.0
0.8081395366499589,0.7899122854271521,0.8097426338611802,0.8200913747191958,0.0318446737653911,0.0,0.0
0.818495641588895,0.8152646605796454,0.8279411999358379,0.8467580316576193,0.03600762584074206,0.0,0.0
0.8457485682969184,0.8555093501513615,0.8614154686492776,0.8887671721547853,0.08802924989427915,0.0,0.0
0.8811773709597144,0.862778215223573,0.8889706348579214,0.88383566466678,0.07795796124959982,0.0,0.0
0.8822675706716523,0.8735929294799418,0.8961398005433692,0.9075800047978626,0.03507382604035371,0.0,0.0
0.8978924121356647,0.8723518098949263,0.8786764497925135,0.8953424917447032,0.05743728097358082,0.0,0.0
0.8958940153756342,0.87731597783212,0.8991728955870084,0.8989955657095476,0.04703181039624715,0.0,0.0
0.8929870152000154,0.8636646703142077,0.8869485873077869,0.8878539748458415,0.043523854908898665,0.0,0.0
0.8804506177930344,0.8900807861769862,0.8915441609033494,0.9044749631100122,0.07516038107052223,0.0,0.0
0.8993459751003201,0.8711108308643305,0.8977941547294928,0.8898630943442386,0.04660978635558084,0.0,0.0
0.8878996850819196,0.8920308524193408,0.9020220381574018,0.9258447339816784,0.07569507216276913,0.0,0.0
0.9284158815095127,0.907455279371576,0.9321693014507266,0.9393609652870685,0.0315257687210867,0.0,0.0
0.9365915759684396,0.9140147742458073,0.9365809056026029,0.9366210174489003,0.05966388745058046,0.0,0.0
0.9191497511693305,0.905859503855361,0.9246323674790051,0.9271233810516417,0.05339654400502915,0.0,0.0
0.9180597189550277,0.9058596122016236,0.9268384098629106,0.9408221236907388,0.13553464382937355,0.0,0.0
0.8751817172090276,0.8496587987949051,0.8558824310431015,0.8679452911955783,0.3519184000285678,0.0,0.0
0.860465270552086,0.8462904061684999,0.8711398288208294,0.8697718281780005,0.0891291858554728,0.0,0.0
0.8593749722208361,0.8501906357354159,0.8658272140832561,0.8668492978238574,0.0597440911144175,0.0,0.0
0.8510175628483058,0.8324618405184276,0.8560662793383176,0.8586303084965617,0.07256331005103722,0.0,0.0
0.8611919810985894,0.8493574666766475,0.8681986042335543,0.8734247597783101,0.027301709092336087,0.0,0.0
0.8764536306127033,0.8500134316537773,0.874264832020853,0.8699544818762427,0.05099616292304926,0.0,0.0
0.8730015330391804,0.8590552049426792,0.8845588879169468,0.8862101627439289,0.03161743005118617,0.0,0.0
0.8791787359210781,0.8631327253790921,0.8889705571587478,0.8951598380464609,0.06791340715953283,0.0,0.0
0.8751815235290524,0.8514315420155738,0.8705881085468026,0.8591779848622187,0.04894715027311734,0.0,0.0
0.8584666053460541,0.8406170485912454,0.847242675051598,0.8500457270437121,0.06450475144645876,0.0,0.0
0.8341207792769285,0.8253702687540145,0.8476104395847595,0.8573517326088662,0.03980202298465141,0.0,0.0
0.8448401010007867,0.8165056488518774,0.8058823316148964,0.7965296882863554,0.09487520548608337,0.0,0.0
0.7832485845761221,0.794344534663209,0.7838235361094292,0.7850228612084322,0.05295924307601292,0.0,0.0
0.7619912046571451,0.7845935606938446,0.7742646276899896,0.8027397004797889,0.03959769460297133,0.0,0.0
0.7945130951882133,0.7707650249972271,0.7814338053045407,0.7711416072356276,0.03980775181778262,0.0,0.0
0.7687137488079573,0.7498449935470111,0.7420956187274672,0.7397260965074409,0.05355886094374697,0.0,0.0
0.745639532320194,0.7289247769064682,0.7167279451612527,0.7386301031357202,0.06659577553935293,0.0,0.0
0.7367369952497088,0.730165905726434,0.746507446798133,0.7519636095606006,0.045901320658353686,0.0,0.0
0.7429144215501969,0.7452355653213409,0.7529413407501857,0.7638358152172756,0.032822394619785464,0.0,0.0
0.7487282150567389,0.7571138250679776,0.7602941546202162,0.7864840907943701,0.025579239930883537,0.0,0.0
0.7901527641673497,0.7631417420777606,0.7542280217781301,0.7687672515230134,0.0767854600687441,0.0,0.0
0.7630815239121923,0.7842391576539738,0.7602942475819605,0.7649316662244615,0.13901968398419717,0.0,0.0
0.7510901411249161,0.758709418908077,0.7647058680452421,0.7778995805237876,0.06678482703268308,0.0,0.0
0.7759812012050676,0.7624325665529796,0.7733456859872125,0.768401944126529,0.04015339141669938,0.0,0.0
0.7723474402932947,0.7526816444528701,0.7659927606681824,0.7768037295166017,0.05996751560653496,0.0,0.0
0.7732558292651217,0.7480719907989422,0.761470566070592,0.7528767356872769,0.038302978315316316,0.0,0.0
0.7616279337589111,0.7381439039896118,0.7533088655780764,0.7525114994730598,0.04716357355826514,0.0,0.0
0.7449128034364197,0.7308749334912354,0.7444301815422956,0.7441096429007197,0.041161666047793546,0.0,0.0
0.7403707042414909,0.7250244745398868,0.7312500327716882,0.7212786424431156,0.033326531935332554,0.0,0.0
0.7345568375215519,0.7179329572752657,0.7246325243791998,0.7231051794255378,0.10330040941105972,0.0,0.0
0.7125727799334985,0.713323406569967,0.7165441843712079,0.7316896185138527,0.049945876848992835,0.0,0.0
0.7209302984217957,0.7182874606038345,0.7295956153866874,0.7336987380122498,0.066756182867027,0.0,0.0
0.7392804831927582,0.7370800703704028,0.7512867214243499,0.7581735505717665,0.0637619127504443,0.0,0.0
0.7467297305907667,0.7501995609406593,0.7581067378534816,0.7744293738039878,0.04893378299581118,0.0,0.0
0.7699855182491822,0.7585321026563039,0.76075367003859,0.7669407145405912,0.04132016376442389,0.0,0.0
0.7730742226466768,0.7560501375069681,0.7733456818298587,0.7740640664075031,0.03201844837037135,0.0,0.0
0.7723475109296132,0.7576457924098197,0.7858457386534397,0.7831965377728123,0.0077033709504430135,0.0,0.0
0.779978349404218,0.7783885938069757,0.7954045591810144,0.7873974304678486,0.03158114744135512,0.0,0.0
0.791969492824634,0.770942343571621,0.7545955779225357,0.7505023087923953,0.057855485792159655,0.0,0.0
0.7440044927732568,0.7301659325319707,0.7454045072151447,0.757077770746848,0.036408644159927256,0.0,0.0
0.7503634365570299,0.744153974221724,0.7643383395534518,0.7625571681473126,0.038908325016181564,0.0,0.0
0.7545420842575519,0.7399166665470374,0.7463234487617851,0.7466666523115759,0.0270572788787375,0.0,0.0
0.7425509259120691,0.7289248683982505,0.7516544656741042,0.7486759141745079,0.008081473937103331,0.0,0.0
0.7434592795354827,0.7466891706037229,0.7564338536932966,0.7757078073271484,0.019972621906465916,0.0,0.0
0.761264585252303,0.7471678708150002,0.7297794388535606,0.720365302769637,0.06259323079167604,0.0,0.0
0.7207485491161338,0.7101321461000456,0.7250000024100522,0.7165297174710851,0.04132398298651137,0.0,0.0
0.7223839023683325,0.7195286320622931,0.718934036289991,0.735890653573424,0.07819475301902346,0.0,0.0
0.7403707336246269,0.7188194059146567,0.7256434377792349,0.7200001377376873,0.059438553347419265,0.0,0.0
0.7087572780496694,0.690984878760802,0.708198580143697,0.7112329025865953,0.010875234894093446,0.0,0.0
0.7129360317793378,0.7041573855876753,0.7231617139040156,0.7210958463803385,0.0226670830891816,0.0,0.0
0.7151163959547199,0.7122596688078577,0.7102942028294199,0.7097718153651924,0.020001266072121996,0.0,0.0
0.7109376178483072,0.7083593438308415,0.7255515845568548,0.7282192694295179,0.03480839010527399,0.0,0.0
0.70675869222626,0.7291019974135469,0.7178308034628549,0.7568949035018036,0.049178213209409766,0.0,0.0
0.7576309448648246,0.7585321872126116,0.7718751405226312,0.7694978663159823,0.03603054117326693,0.0,0.0
0.7572673980222093,0.7587093466465924,0.7709557986015951,0.7775342019450359,0.05679565166288453,0.0,0.0
0.8045058248366794,0.8168602845046347,0.811764727034562,0.8244749211124744,0.10918774025890697,0.0,0.0
0.8412064798721617,0.8728837553650195,0.8545957087077922,0.8876713923298667,0.15003050126239612,0.0,0.0
0.8775436468870054,0.867742303892796,0.8729780175480673,0.8856622016492023,0.08292294996332114,0.0,0.0
0.8757268634928307,0.8755785630670609,0.8825368294509297,0.8947946730145113,0.08849328537790772,0.0,0.0
0.8984375636589519,0.8764295001959275,0.9027574036227828,0.9037443483170433,0.030431561593024268,0.0,0.0
0.9093387420890156,0.8962859214782999,0.9052390328627598,0.905022924204739,0.08556585164785588,0.0,0.0
0.9060684151422169,0.9138021114621624,0.911764788109996,0.9424659357926515,0.09519792975247526,0.0,0.0
0.9585756261460165,0.9633012221927644,0.9575368313255106,0.9848403125040344,0.14529084665183598,0.0,0.0
1.0,1.0000000000000002,1.0,1.0,0.20408013224438398,0.0,0.0
0.9869186303641351,0.9608191378629458,0.9619485822139509,0.9959817610032058,0.1249573082581034,0.0,0.0
0.8913518684232399,0.8680969320521308,0.8518383228218585,0.84785402502934,0.22992289849930347,0.0,0.0
0.8352109049072488,0.8200515881294821,0.8224266164242662,0.8281279950773189,0.1177447073459013,0.0,0.0
0.81922244796615,0.8241291696630115,0.823713312617508,0.8487672223382838,0.07005408113956421,0.0,0.0
0.885719462696843,0.8711107732257741,0.8684007322319829,0.8668492978238574,0.09071416302177615,0.0,0.0
0.8550146956164927,0.8340574634942479,0.8444853926899119,0.8423745564466081,0.06231251796824641,0.0,0.0
0.8339390750176846,0.8142009769538026,0.843566249973702,0.8350686220637213,0.031653712661017214,0.0,0.0
0.8273983388363381,0.8241291739602259,0.8262868352352037,0.8494978371312527,0.027385731978260604,0.0,0.0
0.8530159668337083,0.8430990170733841,0.8648896464311593,0.8692237247187389,0.043602148961691956,0.0,0.0
0.8599201820281195,0.8477086331640571,0.8726838870658453,0.8730594523818257,0.05649775234006124,0.0,0.0
0.8637354392276343,0.8601187620887076,0.8729779194279406,0.8933333010640386,0.028768290373927623,0.0,0.0
0.8957122393106071,0.8764294945093751,0.9036765015052906,0.8962557602359142,0.0534576515584288,0.0,0.0
0.8859012022626144,0.8634874124256542,0.8875000371397392,0.8818265451683829,0.03177401815677276,0.0,0.0
0.8760901462600245,0.8542683019199577,0.8827205944275034,0.8768950376803778,0.04879629100066196,0.0,0.0
0.8702762280733508,0.8521408115880869,0.8810662098830013,0.8823745062631095,0.04257859744224787,0.0,0.0
0.8773618836100764,0.856395695579498,0.8862131565783833,0.885479405586425,0.05512283238856919,0.0,0.0
0.8880815215155574,0.8610940052279727,0.859558885716661,0.8557079205069535,0.06273263239786898,0.0,0.0
0.8410248258044838,0.8156193287878655,0.8316177666596358,0.8230138338910715,0.09785037949222869,0.0,0.0
0.8183139957462989,0.7930148489372006,0.8158088592457706,0.8166210256348609,0.08289812501975254,0.0,0.0
0.8054143543136877,0.800372421312197,0.82113981090039,0.8261188043966545,0.03428515667928951,0.0,0.0
0.8181321251480553,0.7996630526121007,0.8306983737147151,0.8283104352287589,0.036647345540394616,0.0,0.0
0.830305291078317,0.802322580401414,0.8270221244640923,0.8199087210209536,0.025863771976400645,0.0,0.0
0.8208577546126677,0.79700405983175,0.8169119191617051,0.8074887678163541,0.048038175416297596,0.0,0.0
0.7950582557098785,0.7700560411721125,0.7931986939384903,0.787032123071364,0.022607885146825695,0.0,0.0
0.783430274882318,0.7711196513355292,0.7976103363214602,0.7976256816580762,0.014799485588977038,0.0,0.0
0.7856105768361683,0.7602164179866988,0.7812500714181738,0.7753425711129314,0.047001256619547335,0.0,0.0
0.764353385610646,0.7447037190710146,0.7658090046977732,0.7638358152172756,0.016827492517427826,0.0,0.0
0.7741642905865572,0.7572910845753777,0.7783088527903561,0.7864840907943701,0.011247609047622547,0.0,0.0
0.8081395507363943,0.788671279890037,0.7840073952111193,0.7778995805237876,0.05604135530060762,0.0,0.0
0.7792515291969943,0.7565819615102589,0.7777574554648476,0.7700457562284416,0.02577783947943239,0.0,0.0
0.774527662303339,0.760127701484471,0.7898897464152548,0.7850228612084322,0.021718006400443333,0.0,0.0
0.7834303041169318,0.7721834403461045,0.7952206400981214,0.8031051502408083,0.025623160984889534,0.0,0.0
0.8065043694833034,0.7844163039086582,0.809007332937574,0.815525174627675,0.03401399191107858,0.0,0.0
0.8092297345127845,0.7831753299558599,0.7974632910069812,0.7983562252687777,0.05623040679393779,0.0,0.0
0.7905160633278212,0.7720061943100358,0.7955883092917508,0.7861188545801532,0.023050914908973135,0.0,0.0
0.7812501007701865,0.7915079843551349,0.7908089243171248,0.811689589329123,0.07411773344064074,0.0,0.0
0.8081395324512006,0.7833525976508493,0.8079044224249816,0.8001826910689325,0.008967533461398215,0.0,0.0
0.7965116105063387,0.7720060705978258,0.7926470101468164,0.7830136705277678,0.028590696546859893,0.0,0.0
0.7801599661380417,0.7570252318103119,0.7808824424793348,0.7736987590110187,0.02052258988706274,0.0,0.0
0.761264556346125,0.7349526270411588,0.7329043774888258,0.7280365445490082,0.07390576661478572,0.0,0.0
0.7178415762453672,0.7078273679654461,0.7323529732272118,0.7360730937248641,0.033294068547588984,0.0,0.0
0.7109374602960221,0.6858434435018419,0.7020219674314419,0.7121460998955389,0.042544224443460565,0.0,0.0
0.7154796221282448,0.7000265803806573,0.7200367446405798,0.7267579686613126,0.02040037478026344,0.0,0.0
0.7178415148672749,0.7000088849792949,0.7244484940074849,0.7183561832712398,0.022132391996934692,0.0,0.0
0.7258358566870942,0.7062318106063359,0.7371324043112109,0.7320549259103373,0.042918508208033404,0.0,0.0
0.7200218472103276,0.6947079888329031,0.7064338458772765,0.7083105145969871,0.022718642587362555,0.0,0.0
0.7087572755360613,0.7094229762081212,0.7154412435605686,0.7364384011213484,0.053965608096063364,0.0,0.0
0.7300147166391395,0.7287476459919402,0.740992841469577,0.7353426924786973,0.026283886406023218,0.0,0.0
0.7218387256727193,0.72218785708271,0.7337133258091164,0.7486759141745079,0.02254868720446979,0.0,0.0
0.7392805765817145,0.7335343651119066,0.7523530375934893,0.7561645022556369,0.03870208702345776,0.0,0.0
0.7441860794310436,0.7330024898939924,0.7413603684125816,0.7378996307072861,0.020209413675889545,0.0,0.0
0.7420058572799861,0.7260882105203763,0.7417279449931662,0.7364384011213484,0.0030381911705887055,0.0,0.0
0.740552373495237,0.7367255774591415,0.753860334014335,0.7561645022556369,0.02212857277484721,0.0,0.0
0.7447312388993543,0.7322047067287458,0.751103047838739,0.7609133560454,0.020864410263892016,0.0,0.0
0.7710757423545648,0.7555183679896578,0.7795957632889399,0.781918033067384,0.024404829138984067,0.0,0.0
0.7730741185830808,0.7610141124188847,0.7786397330310275,0.7746118851376951,0.021819215785761497,0.0,0.0
0.7523619030552525,0.7509086130214375,0.7615808665597037,0.7777169268255453,0.033515583428662704,0.0,0.0
0.7739825932372967,0.7506782024774936,0.7718750843519531,0.765662209835163,0.015360911235836296,0.0,0.0
0.7663517965171438,0.7429306414054022,0.7694853432956381,0.7631050580597718,0.004930615714934028,0.0,0.0
0.7638082539937529,0.7470084045981829,0.7647059429653975,0.7658448635334051,0.030971981518402397,0.0,0.0
0.7612646852096818,0.7507314881452183,0.7763788030447243,0.7769864543971113,0.021211959473852505,0.0,0.0
0.7718022933366333,0.758886632049949,0.774999964530479,0.7758903898431232,0.054337982249592465,0.0,0.0
0.731286376662406,0.7154508135044284,0.6592831466420506,0.6589955108992018,0.3596676016440605,0.0,0.0
0.6546148551842667,0.63123842849321,0.6409926705232383,0.6363470929575725,0.16696302238722957,0.0,0.0
0.6424418481308946,0.6360251727753963,0.6419117706713426,0.654794547021898,0.12637042043047023,0.0,0.0
0.6695130063587207,0.6587181522299954,0.6772058301114956,0.6759817353775897,0.1365696530150801,0.0,0.0
0.6649709862026786,0.6612889855148418,0.6706802345234826,0.6873060511218053,0.08421575663993243,0.0,0.0
0.6758720568948776,0.6651005735978144,0.6781249313246878,0.6820090938727806,0.03688413730981825,0.0,0.0
0.6787792124123813,0.6654553400725867,0.6838787840796545,0.6893152418024698,0.05509800744500058,0.0,0.0
0.6882268330146303,0.6690010766285304,0.6830882932196936,0.6776256898440371,0.030781020414028495,0.0,0.0
0.6755086873866292,0.6677599501976057,0.6892462567261484,0.6902282967468788,0.0279834402349509,0.0,0.0
0.6815043432409293,0.6571226060000368,0.6753676832806983,0.667762603685759,0.053362171006241854,0.0,0.0
0.656431761045706,0.6525131581054289,0.6672794463428133,0.6757991528616147,0.0282526953921181,0.0,0.0
0.6729650734637257,0.6622639388125013,0.6829043723774064,0.6801826280726259,0.019275613875501186,0.0,0.0
0.6727833486167035,0.6565906884066264,0.6810660951508571,0.6801826280726259,0.04088859166853888,0.0,0.0
0.6851381803271125,0.6640370441395607,0.6753677835383318,0.6664841701625984,0.034290885512420724,0.0,0.0
0.6631541075629722,0.6803475493188043,0.6761948808312781,0.6980822634067597,0.10296049864527418,0.0,0.0
0.7043968143616521,0.6817658600802081,0.6920956119441815,0.6851142067428986,0.037546772341995674,0.0,0.0
0.671330048089885,0.6954171660775779,0.678125073760693,0.7214612961413578,0.12443025561003145,0.0,0.0
0.7167515488304165,0.6915168314649616,0.7141544563008,0.7117809348635894,0.06197451681350462,0.0,0.0
0.706032036221201,0.6846025292715741,0.7095588357687324,0.705936158884373,0.04406045561218931,0.0,0.0
0.6845929184128631,0.6635049089285272,0.6531248645704246,0.6465752729655326,0.0821170941028633,0.0,0.0
0.649527604473222,0.6434713682878515,0.6634191011765875,0.6569863202185373,0.044048997945926885,0.0,0.0
0.6526162215296585,0.6434713558928695,0.6604779150543005,0.6675798788052493,0.022394008709926933,0.0,0.0
0.6735101967159868,0.6546405817127465,0.6718750059565077,0.663927018387207,0.03129279617375054,0.0,0.0
0.6609738624712141,0.66084572500461,0.6750000208953744,0.6858447503536,0.038262876483397795,0.0,0.0
0.6849565418826248,0.6709513323423644,0.6977942270445026,0.6893152418024698,0.018059191640639464,0.0,0.0
0.6722384544878592,0.6521585964142362,0.6751838896779394,0.667397367471542,0.03286058684066023,0.0,0.0
0.6760537745215963,0.6663416546584728,0.680514718723447,0.6933333384347291,0.06756776756061607,0.0,0.0
0.6887718901442421,0.6808794465378623,0.7031250838529304,0.70118730509461,0.024189043091041567,0.0,0.0
0.7083939148853537,0.703927002648927,0.713970572039019,0.7081278608987449,0.0524188231506348,0.0,0.0
0.7016714998814091,0.7007358093504108,0.7147059017644541,0.7242009592504564,0.02781921368518935,0.0,0.0
0.7174783009256358,0.6954171409099452,0.7195772786466101,0.7103197052776516,0.03808146343424258,0.0,0.0
0.7013081422896003,0.6931123885289867,0.7147059248273544,0.715799102678116,0.01788159781357174,0.0,0.0
0.6973109995363476,0.6732381286100355,0.697426371474122,0.6918721088487912,0.018196683635788666,0.0,0.0
0.6844114366195964,0.6609522312187088,0.670404555908608,0.6829225047285267,0.042937604318470796,0.0,0.0
0.6795059001080037,0.6557043712350699,0.6426470895959073,0.6370777077505414,0.10397832133158706,0.0,0.0
0.635901350361537,0.6360608236308054,0.6422795672529704,0.6487673308912418,0.08045191327272291,0.0,0.0
0.6647892202191895,0.6514493159390851,0.6705881925993036,0.6672145714087648,0.04418267071898861,0.0,0.0
0.6484374744741302,0.62831308846315,0.6508456179265014,0.6463926904495578,0.049831300186368485,0.0,0.0
0.6506178373392765,0.6399256606608861,0.6463235980908593,0.667397367471542,0.06444364389305911,0.0,0.0
0.6724200487354749,0.6548179022568474,0.6691176883642136,0.6628310961977537,0.02896498031143273,0.0,0.0
0.6597021811222752,0.655349849246746,0.6737133786047216,0.6814613463248563,0.03130234422896924,0.0,0.0
0.6722385700605633,0.6658099942741547,0.6863972543205468,0.6821920323000926,0.03672754920423166,0.0,0.0
0.6902253011676562,0.6711284408723779,0.6906249666657953,0.6874885624555126,0.03083830874534067,0.0,0.0
0.6822312001006063,0.6590728925382241,0.6795957111859676,0.6785389583352482,0.036628249429957224,0.0,0.0
0.6884084874842485,0.6672282098683082,0.6841912586507057,0.6840183557357126,0.0560298976343452,0.0,0.0
0.6878633964546784,0.6746742724051766,0.69411762170608,0.6997260755086722,0.07347610412994444,0.0,0.0
0.6815043342170075,0.6691782722058526,0.675551467062455,0.6663013740998212,0.056564588726592105,0.0,0.0
0.6567951601063223,0.638152721105052,0.6514706287916348,0.6531508061022528,0.07752829876475854,0.0,0.0
0.650436028131829,0.6268061421327158,0.6327206129660548,0.6392694097649132,0.12904005666961732,0.0,0.0
0.6337209472188566,0.6181190085901931,0.6419117915962855,0.6396347171613975,0.03342965093169445,0.0,0.0
0.6366280537491844,0.6277813725814319,0.6448530983525784,0.6378083937257779,0.05086249014998753,0.0,0.0
0.6404434894749237,0.6207784813423256,0.6382354831228776,0.646210250298118,0.04836471890477696,0.0,0.0
0.6442587386561706,0.6367344036748255,0.656250041435841,0.6589955108992018,0.06679246547685805,0.0,0.0
0.7122093085387295,0.7003812073076605,0.6865808388820456,0.6832876697604763,0.25446521963343677,0.0,0.0
0.6876817447745618,0.6698875262855988,0.6869485878039736,0.6873060511218053,0.10174789563249993,0.0,0.0
0.6747820527477888,0.6507403216584777,0.6698529942661982,0.6681279822645109,0.0615276678292697,0.0,0.0
0.6449854994318897,0.6216647753880005,0.6086397422123244,0.6074886628225098,0.12172815598314081,0.0,0.0
0.5992006355470528,0.5812428746258704,0.5927390056433699,0.5873973254740041,0.07777081936731339,0.0,0.0
0.5779433835239494,0.5585498538525315,0.5663603563770692,0.5585388953389414,0.06267725367760056,0.0,0.0
0.550508744586545,0.5367432769140759,0.5509191711711616,0.5514155434720296,0.046082733707508886,0.0,0.0
0.56122822487287,0.5425937876073743,0.5593750372010575,0.5514155434720296,0.03353849876118757,0.0,0.0
0.5445131437680822,0.5307154421460234,0.5542280036379756,0.5453881849768383,0.02573582803647013,0.0,0.0
0.5446947780989692,0.5380728742296546,0.5540441194527563,0.5609132510515555,0.030450657703461653,0.0,0.0
0.5610466375979387,0.5454304804395542,0.5588236565544773,0.5702284472973743,0.12042771086235456,0.0,0.0
0.6015625877894207,0.6158143109569783,0.6147059279384863,0.6094977823209068,0.24317941836493945,0.0,0.0
0.6068314397089606,0.5886890135219986,0.6018382757123812,0.6049315110471185,0.07580391999226226,0.0,0.0
0.6035611705953514,0.5995036872700208,0.6154412641687779,0.6206393731846129,0.03912602067516781,0.0,0.0
0.6062862741431512,0.5854977424210299,0.5865808305742173,0.5815524783125203,0.0401151991958246,0.0,0.0
0.5744912553145175,0.5567768727648934,0.5308823620174052,0.5245662328353639,0.0726607002142679,0.0,0.0
0.5279798498031681,0.5184825731739833,0.5279413652860261,0.531141765972084,0.04025842002410501,0.0,0.0
0.5148983634634594,0.5149367755450762,0.5132354285597185,0.5254795725088424,0.05447165502265419,0.0,0.0
0.5287063955221899,0.5172414088197579,0.5191176992250541,0.5176256058489614,0.021528954907113176,0.0,0.0
0.5114462042638513,0.5058948353425798,0.5193565370790576,0.5236529643441526,0.021028636813653568,0.0,0.0
0.5327035230531063,0.5296694023109814,0.5411764798529304,0.5389955190851625,0.04370144873596639,0.0,0.0
0.5439681769384229,0.5484445097037578,0.5529413837780757,0.5716896768833121,0.0317759277678165,0.0,0.0
0.5723110711281674,0.5628047390175164,0.5744485475019983,0.5744292688101432,0.030511765256861303,0.0,0.0
0.5694040984867863,0.5535148138402268,0.5739154730633738,0.5684018391326846,0.013033095373518485,0.0,0.0
0.5559592940687496,0.5431256831656561,0.5610294334268688,0.5609132510515555,0.02531380399580382,0.0,0.0
0.5675871840997314,0.5564223029038571,0.5691175684631182,0.5726027318277209,0.041547407478628826,0.0,0.0
0.5697674575211613,0.5672369506305204,0.5698529393215561,0.5643836001358904,0.05101907825557413,0.0,0.0
0.5535974183283652,0.5355022326230867,0.5268382380536543,0.5274886208249719,0.06085548474187358,0.0,0.0
0.5218022582580689,0.5074903973748852,0.5205881352579858,0.515981651382514,0.02541119415903451,0.0,0.0
0.5121730554340267,0.5214964714500783,0.5165441990347779,0.5340640827794247,0.055850394196233735,0.0,0.0
0.5343386459032499,0.5257512433481459,0.534742629879412,0.5419178358925033,0.03400444385585988,0.0,0.0
0.5376091121651734,0.5356795784693127,0.5448530220597934,0.5563471221423022,0.027553777750109632,0.0,0.0
0.5514171194257116,0.5456076987645833,0.5617647209271743,0.5565297046582769,0.038190311263735705,0.0,0.0
0.5506903886366082,0.5327541485207166,0.4979778982516016,0.5115981761715028,0.06704453413463159,0.0,0.0
0.4890988916918034,0.48320196430851076,0.49301478242386393,0.49680376048088815,0.03525332947846517,0.0,0.0
0.5032703568242335,0.48657034220505596,0.5064337980516627,0.49899542690412624,0.011553146814620784,0.0,0.0
0.48237645538716917,0.4722099772652117,0.48658088012233097,0.49004571601046054,0.004858050495271944,0.0,0.0
0.48873553428505406,0.4771740801481488,0.4935661844313089,0.4947945698002236,0.023984714709361494,0.0,0.0
0.4840115889466213,0.4681322217699319,0.47408086660875254,0.46958903567433685,0.035761286016099736,0.0,0.0
0.46965844049900224,0.5003988925832843,0.4742646899983601,0.5136072956698998,0.08678227388271761,0.0,0.0
0.5078125392812436,0.48816597876101925,0.47461399312708813,0.4659361040740272,0.13392675133054535,0.0,0.0
0.46402621358401214,0.47008247698830224,0.47393384530632504,0.4809132802362852,0.08137998423998005,0.0,0.0
0.4978198565092757,0.4879710362912411,0.4893383051014654,0.48529686222069746,0.03540418875092055,0.0,0.0
0.4834666543588794,0.4652956956227657,0.46158095821965345,0.4551598917890729,0.03715721168907293,0.0,0.0
0.4389535493518493,0.42079611251027255,0.4220588979770055,0.4414612559233767,0.06019094009865242,0.0,0.0
0.44785615072515356,0.4301924110108241,0.4323529955742104,0.42630142606287647,0.04376255628936604,0.0,0.0
0.4204215717195963,0.4112224850367449,0.4170956634324345,0.41716902587983473,0.03481984777153642,0.0,0.0
0.42986919467821866,0.41654112349296996,0.4259191254940466,0.41917810978709813,0.026702091224602053,0.0,0.0
0.4249636734698277,0.42629203010609645,0.4349264851240681,0.43397263225111393,0.03865434674736429,0.0,0.0
0.4318677847503936,0.4142895671753886,0.4294118143991829,0.4314155872491239,0.02798534984599464,0.0,0.0
0.41805969689796946,0.419200545574651,0.42738980186724035,0.4224658763554582,0.04328515352843129,0.0,0.0
0.41787792120659,0.4090949763787661,0.4168198483687912,0.41333336939901544,0.020898783262679316,0.0,0.0
0.4109739143409054,0.4027125997652324,0.42150741663835617,0.4157078318850307,0.019394009760213004,0.0,0.0
0.41460762394909595,0.4163638915664018,0.4022059662797489,0.40420100480710763,0.07350856751768801,0.0,0.0
0.40261628169300595,0.38711110374315283,0.38841913795584504,0.39908677243859264,0.07352575401708165,0.0,0.0
0.39662072811235194,0.380906055841346,0.3865809777806741,0.38191789426196265,0.061707171267381164,0.0,0.0
0.3773619972168365,0.3603404853287789,0.3661765356812926,0.35926947632033335,0.0159395233820892,0.0,0.0
0.35992006750940286,0.37682834360444695,0.36488972807980824,0.3956164589453913,0.04095924727715722,0.0,0.0
0.37990554291352835,0.37611917244242876,0.37919119923567834,0.3959817663418759,0.03713047713446058,0.0,0.0
0.3922601794603028,0.377980681035719,0.3874999964870704,0.38575344396938077,0.036630159041000976,0.0,0.0
0.3860828843757888,0.3745235788722853,0.382169165100639,0.3853881721640301,0.025023543117155492,0.0,0.0
0.3716388073066396,0.37057000170886667,0.3735294026579847,0.37917808878832926,0.03771099889175723,0.0,0.0
0.3746366437699001,0.37062319308557534,0.3744485413500223,0.37917808878832926,0.03604772767266058,0.0,0.0
0.3877180606689734,0.40182614191750093,0.39503679110047357,0.41753429768518546,0.08709926931597828,0.0,0.0
0.41842305852908196,0.4071448495918673,0.4225368420299093,0.4189955272711233,0.02575683375795126,0.0,0.0
0.4220567062489578,0.40602787997871,0.41341913650868695,0.4158904499921392,0.02150412996354457,0.0,0.0
0.4196948170331887,0.413704529615789,0.42426474250118956,0.4314155872491239,0.024446840581946325,0.0,0.0
0.42133005230823256,0.4089177682658451,0.42867656156079753,0.42922384964361837,0.02404964148484862,0.0,0.0
0.42187501037125225,0.40661291196878785,0.4191176508723679,0.42136988298373745,0.05244173848315967,0.0,0.0
0.4280522926342844,0.41175427141658677,0.4178308465889334,0.425753429377016,0.05620558185036918,0.0,0.0
0.42587216117651,0.4170730165420555,0.4306434369406685,0.4277626200576805,0.051152751028635854,0.0,0.0
0.43041435654978705,0.41459102023715594,0.4227942130589197,0.42922384964361837,0.15564666734203242,0.0,0.0
0.4126090159583035,0.43143343497962167,0.41084561138050896,0.4403653337339234,0.2096924791019328,0.0,0.0
0.44367735319761975,0.4282422261519508,0.44007356011625526,0.4345205933458406,0.10520047239958001,0.0,0.0
0.4269622288745977,0.40874039454763494,0.41121326472321357,0.4078539008162835,0.07513555612695362,0.0,0.0
0.4115189208641081,0.4027125704440087,0.4170036946304197,0.4168036828922166,0.06303053172069227,0.0,0.0
0.41151895782974696,0.4004078613678353,0.41360300566669633,0.41059367069878316,0.036851673922074696,0.0,0.0
0.41642448921039193,0.41787083179376266,0.42279418249196005,0.42995442884545343,0.10532077789533555,0.0,0.0
0.4222384775730483,0.40572656409637803,0.4163603897565838,0.4109590136864013,0.046707176518811525,0.0,0.0
0.4136991089939486,0.4187572004920756,0.42284923752913023,0.4250228145840471,0.04723422916688348,0.0,0.0
0.4287790986139279,0.42327811114960073,0.43216913898794157,0.4403653337339234,0.10331377668836589,0.0,0.0
0.4320494970970706,0.43116752237359673,0.44099270462718426,0.44200921701810336,0.10263395515679481,0.0,0.0
0.43968027604271626,0.4277103497858716,0.42481621128355,0.42228315147494855,0.07542963622768942,0.0,0.0
0.41660611688487775,0.4121088877187769,0.42630514899640165,0.43123289795974795,0.023774657494550207,0.0,0.0
0.4269622141149832,0.41755165179320514,0.4365808825507194,0.4308675905632635,0.031649893438929724,0.0,0.0
0.42714392267747364,0.4140590625216955,0.42922796652727707,0.42136988298373745,0.034974526266079276,0.0,0.0
0.41569773478384303,0.399698693449881,0.4026103702663733,0.39835626441902483,0.0737778226748552,0.0,0.0
0.39280524978796905,0.38533820125483986,0.39246323995575544,0.4049315128266754,0.07051620701214904,0.0,0.0
0.40061775262243143,0.3931389697937895,0.4062500366119672,0.4107762888058917,0.04498852657944645,0.0,0.0
0.41478928564624934,0.40324446044263434,0.41893387858591996,0.4186301842835052,0.036840216255812255,0.0,0.0
0.423510272586259,0.41849137918560025,0.43272070917090605,0.4305023899401802,0.06635134532575435,0.0,0.0
0.42205670144737667,0.4043081672205016,0.4226103087738125,0.4149772170920618,0.040185854804442936,0.0,0.0
0.42169336398649443,0.4074994216897067,0.4235294902100107,0.41625579297975734,0.04421513410673217,0.0,0.0
0.41260898305703025,0.39810300167253204,0.4216911697711037,0.4151597996080365,0.03699489475035511,0.0,0.0
0.41587937060838226,0.4192890959737408,0.426102963711742,0.43397263225111393,0.10364986823206396,0.0,0.0
0.43059599998459924,0.4246964577672742,0.44062503909229617,0.4401827156268149,0.05522022255179987,0.0,0.0
0.4429506115348601,0.4349792225482397,0.4448529954351333,0.4509589635029029,0.04020495091488033,0.0,0.0
0.4536700474565308,0.44189348304973836,0.4637867531236785,0.4621004831843415,0.05433607263854873,0.0,0.0
0.45784882464558224,0.44898501853048284,0.46544113927808967,0.4633789878897696,0.05024950500494732,0.0,0.0
0.46457123724401356,0.4521762783430832,0.47113974230990724,0.46575345037578486,0.034141935851009095,0.0,0.0
0.4636628134086343,0.4445528272794564,0.4443014805343392,0.438721486040877,0.04904454043634804,0.0,0.0
0.4393169308927993,0.430015164248952,0.4446691875534646,0.4416439096216188,0.020919788984160446,0.0,0.0
0.44349561509396757,0.425937399918271,0.43327202719999997,0.43251140266517607,0.03052895175625495,0.0,0.0
0.4282339891846488,0.4142363163583929,0.43382351481509734,0.43324201745814506,0.015250153795299436,0.0,0.0
0.4280523448308707,0.4114883994608001,0.42242648578591896,0.4158904499921392,0.02622659807471105,0.0,0.0
0.41170066055764337,0.3963301944116629,0.40716918647321215,0.3996348047155867,0.03838700120124082,0.0,0.0
0.3893532630422421,0.3761192086295511,0.39246329764259563,0.38977175414844245,0.03383448847296712,0.0,0.0
0.38626459726107326,0.3833880652620831,0.3965074020086989,0.40255715711406115,0.04593569365714098,0.0,0.0
0.4038880845435076,0.4014715304797695,0.4125000169786585,0.41936076348534035,0.0385817815277022,0.0,0.0
0.4200582552590341,0.41441372688614636,0.43014714868626697,0.42922384964361837,0.04923359192967819,0.0,0.0
0.423146846598396,0.4059037770941471,0.41636030941437513,0.40931509481108763,0.04982557135323727,0.0,0.0
0.4064316875946508,0.40040777912833064,0.4150735097986104,0.4084018263198764,0.03522468531280909,0.0,0.0
0.40879363559212517,0.4062583680839367,0.4185110598450838,0.4230137306767837,0.04640354836285704,0.0,0.0
0.4275073108811321,0.4144136568297841,0.42886031875204894,0.422648458871433,0.026113931023130445,0.0,0.0
0.4178778840034681,0.41086783868733484,0.4141543971792769,0.425753429377016,0.04372245445744752,0.0,0.0
0.41860467144212704,0.4181367221710955,0.42904411958443983,0.43707763834783064,0.04091532622315122,0.0,0.0
0.42877909255689545,0.4135272090886483,0.4161764698970695,0.41351602309725777,0.04322977480816287,0.0,0.0
0.41097382168462854,0.40093960836893366,0.4156249759792407,0.41168948611483536,0.033970070857072585,0.0,0.0
0.41133726211646554,0.3998759759290676,0.4064338928495,0.4029224645105457,0.06101207284746017,0.0,0.0
0.4069768367224252,0.39074562419054065,0.405514789765626,0.4096804733898396,0.027328443646948437,0.0,0.0
0.4097020933948044,0.3918979532443102,0.40854786810407046,0.4111416317935098,0.027897507737982646,0.0,0.0
0.41388080968116686,0.4051945603292085,0.4200367504160481,0.4142465667079591,0.043735821734753696,0.0,0.0
0.42114826969725244,0.4206187656668297,0.4295956074621074,0.43799087124790814,0.05324377512153003,0.0,0.0
0.42932417174691123,0.4138818381218559,0.42316182618280856,0.42118730046776265,0.05244937692733462,0.0,0.0
0.416969597817673,0.40643573629678037,0.4255515669735282,0.42392707035026234,0.06843473097447356,0.0,0.0
0.419694835745604,0.41476827452042525,0.4268382797063321,0.43488593633345884,0.029833853336333965,0.0,0.0
0.43422966211074016,0.42097336127325985,0.43988972462549575,0.4396347189409544,0.03678674714658757,0.0,0.0
0.4369549925575212,0.421682546440515,0.4441177042738827,0.4416439096216188,0.02449840008012728,0.0,0.0
0.4338663078968323,0.4176048814588546,0.436948576962441,0.4314155872491239,0.02412029709346696,0.0,0.0
0.43077761263290876,0.41476822562073096,0.4360294074085442,0.43232878455806767,0.02875683270766519,0.0,0.0
0.4242370143381496,0.41069065559904333,0.4253677193024911,0.42027406756768526,0.044259055160738164,0.0,0.0
0.4251453389464012,0.41228617126560135,0.4244485245970307,0.41662102919397437,0.031711000992329375,0.0,0.0
0.41569770726837224,0.39810306031161796,0.4119485692817734,0.40657539611085536,0.05866898009679246,0.0,0.0
0.4051599146087516,0.39030232058517295,0.4088235653981694,0.4062100887143709,0.0573284331440877,0.0,0.0
0.4084302693398523,0.40147156382919863,0.413786809577989,0.4062100887143709,0.0749293181342298,0.0,0.0
0.3971657898264247,0.3805514603355718,0.37775741149930997,0.38684940174996796,0.16010178990707544,0.0,0.0
0.38190412644858335,0.39526643878781625,0.3926471148724539,0.4138813304937421,0.0983258726421197,0.0,0.0
0.41024714719834415,0.40732211886222475,0.42132358258342756,0.4210046467695203,0.0705142974011053,0.0,0.0
0.417696232105293,0.400585100918557,0.4152573662420343,0.41351602309725777,0.04390195789555898,0.0,0.0
0.4095204215903588,0.3917206778859316,0.4016544689178333,0.39506856903293214,0.039360902833547706,0.0,0.0
0.39153348551911066,0.3777148237261265,0.3985294825467308,0.3914156018414887,0.022256516714777724,0.0,0.0
0.3873546730319371,0.3722188251352214,0.39191178226755824,0.3903196796520354,0.023037547631666964,0.0,0.0
0.385356062753361,0.37363708608416885,0.3898896946890389,0.3872146023730512,0.041587509310547346,0.0,0.0
0.38517444480769536,0.37505543597007485,0.3827205905388882,0.37479454239505067,0.04945319719970817,0.0,0.0
0.37027615230295086,0.3622905804617854,0.3779227951977492,0.3735160020984888,0.03484849193719251,0.0,0.0
0.37663514112652197,0.3702685808674848,0.38400731256104764,0.3872146023730512,0.04360978740586692,0.0,0.0
0.3715479815715547,0.35555360126586333,0.3698529550875271,0.37315069470200435,0.05708400293048911,0.0,0.0
0.3653706861954657,0.3505895222753413,0.3647059162978835,0.3598174018239263,0.05591532097172086,0.0,0.0
0.35483288226577486,0.3454481374595104,0.3586397271519971,0.3508676197479932,0.04223677706541859,0.0,0.0
0.343386722239665,0.33605187483464305,0.34411773098408044,0.3530594641268999,0.029438563850279997,0.0,0.0
0.3493822795928559,0.3433206512465603,0.35128679246497185,0.3572603212308026,0.04695351634345386,0.0,0.0
0.3421148646285114,0.33161958251008,0.34577208562691136,0.3481279210477609,0.06253594246036387,0.0,0.0
0.35047241764249143,0.3461572735606758,0.359191206988656,0.3567123601360759,0.06160978110415047,0.0,0.0
0.34774709906148943,0.3403067291283088,0.356121357269477,0.3567123601360759,0.031460841945599574,0.0,0.0
0.356649708400825,0.34199099556086704,0.35863972047002635,0.3561643990413491,0.02187841372811741,0.0,0.0
0.34702035684504284,0.3378246743479429,0.3527573601139083,0.3473972706636583,0.04077019578382707,0.0,0.0
0.3421148445598129,0.33569720770959693,0.34356620278286704,0.33808221678237443,0.041954154630945234,0.0,0.0
0.3413881227236874,0.3354312890026994,0.34430148306597586,0.3517808526480705,0.03203181564767753,0.0,0.0
0.3470203659927271,0.3333924518321398,0.3470588495009476,0.3426484168738953,0.021124117365840512,0.0,0.0
0.33430233390651504,0.31832286312100105,0.329154425513928,0.32438358091667824,0.042887954431333586,0.0,0.0
0.32612645876065494,0.31300417570914085,0.32738968403595076,0.3201826526305082,0.05139145240910323,0.0,0.0
0.318677321664335,0.30449428783256094,0.31718749594872797,0.311780796058168,0.04851748778827608,0.0,0.0
0.303960753235419,0.2936796582837586,0.3086397252246132,0.3101369839562554,0.02231953387922111,0.0,0.0
0.30723116739007067,0.29297054336726003,0.30036771007213436,0.29479460717091405,0.0442609647717819,0.0,0.0
0.2863372326365545,0.2734687070167464,0.2915441450449162,0.28694067610216684,0.031103744680420386,0.0,0.0
0.2825217693388643,0.27878733336155054,0.2878676221581501,0.2927853808991158,0.039887955481619664,0.0,0.0
0.2937863922854237,0.28871559514156653,0.3000000451539768,0.2997260790677856,0.04776319142599918,0.0,0.0
0.3001453595785219,0.2855243315317115,0.29191178336655105,0.2902283358971257,0.09029213898110984,0.0,0.0
0.2897892446134274,0.28428329655918205,0.2950367341962532,0.2938812674974354,0.06020048815387111,0.0,0.0
0.29124275418162343,0.2780781880647028,0.28970589241298633,0.2915068761936877,0.054971973116113806,0.0,0.0
0.2923328746758578,0.28664130367856155,0.3014706014978704,0.29406395678681135,0.055334799214424205,0.0,0.0
0.30704944532283185,0.2935023922083742,0.30330885310287015,0.2957078044798577,0.036721820371100444,0.0,0.0
0.2906977276513924,0.2782555247096978,0.2926471099388831,0.2865754042968161,0.029528315569335734,0.0,0.0
0.2872456391300288,0.28290047884010244,0.2930147220061318,0.29808219578360556,0.03497643587712301,0.0,0.0
0.2906976770258042,0.28711993804474994,0.2966911648171824,0.2968036554870437,0.04045510996161013,0.0,0.0
0.2912427748574475,0.28446063299973384,0.2948529846371192,0.2953424970833733,0.040802659171570624,0.0,0.0
0.3003270269533584,0.30396240754542103,0.3036764554936596,0.3115981779510595,0.06604580755875611,0.0,0.0
0.31195494336611646,0.3028987021782395,0.31507351497961034,0.30904109735793583,0.030857404855778054,0.0,0.0
0.3190406998963048,0.3067990651773365,0.31801470015242006,0.3110502524474665,0.027252059205198877,0.0,0.0
0.3105014768700956,0.29775731757193663,0.31286767262491344,0.31269410014051285,0.03543283291657663,0.0,0.0
0.309411402957307,0.2969241083153454,0.31250004971252154,0.30575347315411056,0.021124117365840512,0.0,0.0
0.3039607273453839,0.2998847632493148,0.3086396993599251,0.311780796058168,0.028187768616630974,0.0,0.0
0.31377189098327307,0.3091925431383789,0.3218750818348785,0.323835691004219,0.02838254894309235,0.0,0.0
0.32303780642125207,0.30928109535825254,0.32637869587980534,0.3223744258271475,0.02927624691156219,0.0,0.0
0.3197674801250769,0.30981300319555294,0.3251838613053015,0.3274886226045287,0.034714819164130786,0.0,0.0
0.3301235298141567,0.31743639776948923,0.3238970530077176,0.3185388049374619,0.044450016265112066,0.0,0.0
0.3166788394498378,0.3109654167237481,0.3216912279299227,0.32547950310613166,0.04137745209573605,0.0,0.0
0.3221294202448243,0.31016762582989243,0.3162684437425728,0.31452063712293515,0.04004454358720626,0.0,0.0
0.30432413060467767,0.3067104267732972,0.31360293091040925,0.3223744258271475,0.02290960369173645,0.0,0.0
0.3168604644892174,0.30431700452263666,0.31341909004749563,0.3072145959666472,0.0450496341328461,0.0,0.0
0.2943314601817462,0.2890701790182791,0.2941176941851905,0.30575347315411056,0.0692940559441561,0.0,0.0
0.30813957494173244,0.30156907570966973,0.3121323977909611,0.3128767894298888,0.04454740642834275,0.0,0.0
0.305414244633809,0.2951866050899172,0.3091911777320318,0.3108675987492242,0.04261106082999143,0.0,0.0
0.3090479897786122,0.2989983370421274,0.31626839830821396,0.31269410014051285,0.02147930501997596,0.0,0.0
0.3139534733479964,0.3064444395570612,0.3220588009396716,0.32310500502898265,0.04255950133181048,0.0,0.0
0.3224927904361861,0.31876612298824597,0.3295956485844877,0.32584481050261604,0.03416867040562144,0.0,0.0
0.32376453482549056,0.30892654470364606,0.32463235207525115,0.3227397332236319,0.042252053953768506,0.0,0.0
0.3161337449824085,0.33126498898603723,0.31911768572368526,0.3274886226045287,0.18188854230509338,0.0,0.0
0.32449129198333093,0.3161953980748705,0.32555148712776977,0.32200915402179675,0.0678484803840457,0.0,0.0
0.3212209952593026,0.30928115078108104,0.3223346114805987,0.3196347627180489,0.05016548211902282,0.0,0.0
0.3208576122890119,0.3122950674908449,0.3253677145061687,0.31908683721445597,0.038119655655117365,0.0,0.0
0.3166788300760995,0.31300423000666716,0.32490811668136116,0.33022835689589464,0.03550157891415123,0.0,0.0
0.326671550848433,0.31353607695307945,0.32058828781155896,0.31726033582316737,0.05348629572408488,0.0,0.0
0.3152253006468194,0.30768548930400824,0.32113969294325795,0.3223744258271475,0.027011448213687766,0.0,0.0
0.31904065544053783,0.3124722718987295,0.3261029009083973,0.32219177212890526,0.024857406956350202,0.0,0.0
0.31613370869212065,0.30307599007521724,0.32012868463474337,0.32073061372523476,0.03386504224966694,0.0,0.0
0.3188590437196839,0.30662180534237066,0.31727945773518146,0.3106849806421158,0.03192105820714067,0.0,0.0
0.3046875062776436,0.29261592450074286,0.2911764680222828,0.2894977211041569,0.07049711090171165,0.0,0.0
0.2843386613271638,0.27267089061145217,0.27849264224528947,0.27817351213334224,0.046296610144407654,0.0,0.0
0.26744186738850406,0.2538959716925245,0.26433827100773044,0.2679452253519809,0.05518775916405631,0.0,0.0
0.26744184082427785,0.2553851689764904,0.2608455881811258,0.26319633597108416,0.05134753135509723,0.0,0.0
0.25490553264364396,0.242620324915016,0.257169107706034,0.25753424928124363,0.035457657860145236,0.0,0.0
0.25962939340624624,0.2534349997997388,0.26691178687072614,0.26739729984838795,0.036064914172054235,0.0,0.0
0.2607194416329046,0.248470830783467,0.2573528973033313,0.25077620481081614,0.037737733446369576,0.0,0.0
0.24582126560239143,0.23233758387433234,0.24319854984109096,0.23817356231684078,0.02879884415062744,0.0,0.0
0.23619187979168615,0.24067018947134283,0.2420956066166161,0.24894981019292872,0.0636740706424323,0.0,0.0
0.23346657516579378,0.2209910493938606,0.22683823406142528,0.21954338337200557,0.0849643241690781,0.0,0.0
0.2198402076745845,0.20911275252205508,0.21178316511407946,0.20894986037642727,0.05501780378116354,0.0,0.0
0.2096657488051965,0.20716251187808904,0.21838240545107923,0.21990872635962377,0.06074472730133672,0.0,0.0
0.22420058521588954,0.22028191274530645,0.23253675654069894,0.23287671184121733,0.046075095263333934,0.0,0.0
0.2292878501567942,0.22081380149791469,0.23720591232418164,0.23433794142715514,0.03555504802337593,0.0,0.0
0.23928062215135892,0.23162851002087698,0.2444853751968652,0.23726036500789704,0.04374727940101612,0.0,0.0
0.2354651185421765,0.2233844784415862,0.23428311971035243,0.22958905204625835,0.036418192215145945,0.0,0.0
0.22401888996604086,0.21372219023111144,0.22334557493948293,0.21917807597552114,0.040581144290496904,0.0,0.0
0.22220199033723004,0.20893534070794795,0.2193014384913889,0.21351595369454696,0.03850730669699638,0.0,0.0
0.21457120174813793,0.20255297659618454,0.21176470276861814,0.20547944010982494,0.024515586579520927,0.0,0.0
0.2013081566701757,0.20095739905450344,0.2077205908467773,0.21059363688720617,0.03482175738258016,0.0,0.0
0.21475285980767678,0.21336756563240655,0.22248158534538937,0.22502278077247012,0.03775682955680697,0.0,0.0
0.2260174580767363,0.216736119335749,0.23069851959911059,0.22739727884961908,0.019157217990789375,0.0,0.0
0.22038516871754543,0.2084035393233734,0.2193014832379816,0.22155253846153639,0.028879047814464483,0.0,0.0
0.22747098002256183,0.22063650572210186,0.2352941431838722,0.2337900159235622,0.02828133955777418,0.0,0.0
0.24000725166970815,0.24501373830244033,0.24889707412851036,0.2582648640742126,0.08507317199857123,0.0,0.0
0.25472386642527783,0.24279764178477714,0.25404412988754166,0.24894981019292872,0.03587013384559286,0.0,0.0
0.2501816929304531,0.2566261943895226,0.25937500725402346,0.27068492405221317,0.06014129021151521,0.0,0.0
0.2705305639352607,0.26495883015903227,0.2700368226244649,0.2803653565122489,0.04051430790396604,0.0,0.0
0.2879724031451303,0.2896020208461673,0.28566179067872316,0.3050228583611417,0.09887775023376026,0.0,0.0
0.30032706296244355,0.2991756260552959,0.2981617641523311,0.3119634853475439,0.07736980104812821,0.0,0.0
0.31704217937051143,0.3081287506899918,0.3224264984061033,0.3179908794338689,0.05970780850458646,0.0,0.0
0.30995640184565926,0.30006209267829875,0.3165441180133052,0.3119634853475439,0.03387459030488563,0.0,0.0
0.299782010340328,0.2908430605607175,0.3012867835767513,0.3022831596609093,0.04891850610746126,0.0,0.0
0.29596661888355047,0.28463792848582553,0.2979595811657914,0.2957078044798577,0.05856777071147429,0.0,0.0
0.28706396309847854,0.28836097880336803,0.2966911860381678,0.30063931196786303,0.03625205605434065,0.0,0.0
0.3005087378769003,0.28633988548504946,0.3003676469402566,0.2962557299834507,0.07634624952868413,0.0,0.0
0.27543610665446017,0.27944339914666866,0.2808824256696401,0.2889498311916976,0.046537221135918766,0.0,0.0
0.2828852018897125,0.27470974048190727,0.2805147394086772,0.27652973562256333,0.05014256678649795,0.0,0.0
0.27216570316752164,0.2768371743343563,0.27977941024242053,0.29260276279200725,0.04315529997745704,0.0,0.0
0.28506545096210345,0.27098664911913856,0.2836397421272966,0.2832877089107235,0.022304256990871196,0.0,0.0
0.28306681858238925,0.2709865758524994,0.28069849506017347,0.27634701074205364,0.038100559544679974,0.0,0.0
0.2730741882690665,0.2589309875645165,0.2718750609832569,0.26648406694831056,0.04171354363943412,0.0,0.0
0.2668968382452063,0.26460425211828814,0.2672794516397012,0.2626484460586249,0.04104708938516921,0.0,0.0
0.2529069818320061,0.2412020188999781,0.25110293929639804,0.25242008809499616,0.037758739167850705,0.0,0.0
0.24763807987642744,0.23747897070552343,0.24852943113762738,0.24785388800347535,0.04607127604124646,0.0,0.0
0.24709301436186565,0.2401382735633188,0.25330881775333586,0.25515982238636215,0.03167471838249834,0.0,0.0
0.2527252868355125,0.24519102930715403,0.2579044206929516,0.2515068551949188,0.029259060412168535,0.0,0.0
0.24345932398494058,0.23162844108789377,0.24466913354597358,0.23762560122211407,0.04649330008191277,0.0,0.0
0.2407339957784262,0.22825989215665277,0.23944852925151766,0.23616437163617626,0.036439197936627074,0.0,0.0
0.23873550225751694,0.23134478503769762,0.24375004998991778,0.2412786040046912,0.0424181901145738,0.0,0.0
0.24818313885227727,0.24031558468533354,0.2538602838513754,0.2520548162896455,0.09371607158253381,0.0,0.0
0.24563960420195358,0.23925191742197705,0.2503677209002191,0.2500457323823821,0.09002861265707386,0.0,0.0
0.24727473968316266,0.2458647511348534,0.2536948807260871,0.2553424760846044,0.12369123613610446,0.0,0.0
0.2498183391599319,0.2484708978202625,0.25735296402500135,0.2498630430930061,0.11602414779549249,0.0,0.0
0.27343748522098055,0.2780781785840293,0.27334559983990886,0.27068492405221317,0.15310688465385958,0.0,0.0
0.2754361298648915,0.2782555608218431,0.2790442061517449,0.29333344876724365,0.09430996061713663,0.0,0.0
0.2919694888472448,0.27861007632560264,0.2810662069710021,0.27378996574006365,0.09729086345641318,0.0,0.0
0.2716206256208252,0.26744082314210765,0.2713235033458074,0.27853878393869297,0.05688540338194026,0.0,0.0
0.2781613203405048,0.27382323403664355,0.287683806413908,0.28858448820407945,0.039620609935496195,0.0,0.0
0.2877907458650845,0.27701449788199994,0.28097430276304364,0.2787215088192026,0.05916165974607711,0.0,0.0
0.27579942575703104,0.27045477129469,0.28382353800622667,0.2838356344143164,0.09227622485555463,0.0,0.0
0.28561046944048596,0.28056026868072276,0.2946691442928639,0.29296807018849175,0.03310501705425882,0.0,0.0
0.28978928307105933,0.2798511032295374,0.29209559878211516,0.29442926418329585,0.025806483645088477,0.0,0.0
0.28706396903431985,0.2730254667455493,0.28704046291440516,0.2887671774934555,0.05015211484171664,0.0,0.0
0.28052327969207425,0.27222764919052084,0.27941178966281777,0.27963474171928004,0.08357412732923614,0.0,0.0
0.28215849319104647,0.28570167457767875,0.29117652148924594,0.29936080726243486,0.08367724632559805,0.0,0.0
0.30486921431144404,0.3021009150925109,0.30992649437002506,0.3183561868303533,0.0505817773265579,0.0,0.0
0.32158433647933965,0.31061079520560214,0.3196691228881365,0.31251144644227064,0.07854421184002768,0.0,0.0
0.30723115881794333,0.2956299013011388,0.3075368092577172,0.2999087327660278,0.022567783314907174,0.0,0.0
0.3070494276936848,0.3035192279698996,0.3150735311068895,0.3119634853475439,0.03573646107253113,0.0,0.0
0.3066861150803615,0.30148047332328154,0.3141544956568981,0.31141563102621844,0.06841372525299243,0.0,0.0
0.3025073127301143,0.290133905247065,0.3037500515669293,0.30575347315411056,0.03881475407503836,0.0,0.0
0.30577762838182415,0.302721422450118,0.3106617679366875,0.3050228583611417,0.03843856069942178,0.0,0.0
0.2912427671337618,0.28144670635981833,0.2908088365805454,0.2874886016057598,0.0642813269543413,0.0,0.0
0.2825218224590689,0.2740005681604903,0.28584560506858203,0.2832877089107235,0.03489241299119851,0.0,0.0
0.28161336024040295,0.27134119061696843,0.2807904194734429,0.28146117192830117,0.041952245019901496,0.0,0.0
0.27470932812979854,0.26371776929231633,0.2727941278561153,0.27908678062455333,0.04820431157710288,0.0,0.0
0.2821584700939424,0.26747631586002774,0.28088238946106625,0.2756164671313522,0.02384913232525603,0.0,0.0
0.2707121736608181,0.2665543556343195,0.27702202160360423,0.27196346434877505,0.027380003145129384,0.0,0.0
0.2712572926822147,0.2615903262630849,0.27472427585976034,0.2679452253519809,0.026314440182723043,0.0,0.0
0.2705305373600617,0.26593389999883205,0.27996324960805063,0.27543381343311,0.06354994592458926,0.0,0.0
0.2770711631080859,0.26513601473215237,0.2801469941802611,0.2732419690542032,0.03213875386612691,0.0,0.0
0.27089388791874464,0.25822179681981233,0.27536763116434876,0.269954344850378,0.0314570227235121,0.0,0.0
0.26871367386825895,0.2598174019828984,0.27610294123445994,0.27616439263494513,0.022922970969042628,0.0,0.0
0.27125724200778656,0.25751259781809527,0.27569851584717253,0.2715981569522906,0.0025035000783417936,0.0,0.0
0.27198400153052704,0.2661998001552473,0.2788602950979947,0.2712328851469399,0.02858496771372868,0.0,0.0
0.2628997157279478,0.24935735705233542,0.2639706153672452,0.26136990576206304,0.03745702062293994,0.0,0.0
0.2628997124183232,0.25183939274603484,0.26838237284143585,0.26082194466733644,0.06650220459820973,0.0,0.0
0.26090127137687114,0.2493574344776487,0.2681986276417804,0.26283117093913455,0.056786103607665825,0.0,0.0
0.2658066652138336,0.2651360661829107,0.2738970434589543,0.27616439263494513,0.07980073590680792,0.0,0.0
0.2756177282179551,0.26354045992587666,0.27500000964292337,0.2697716911521358,0.08265560441719769,0.0,0.0
0.2674418124248466,0.26194482414288117,0.276286738666978,0.27707758994388887,0.03978865570734523,0.0,0.0
0.27343745014318843,0.26549062253019967,0.28124994689889266,0.27707758994388887,0.027559506583240852,0.0,0.0
0.2707122609887996,0.272936868468678,0.2784926963070393,0.2882192519898624,0.0449121421376969,0.0,0.0
0.2892441915882424,0.27736904377403443,0.28363971236832425,0.27780824032799145,0.06190195159384254,0.0,0.0
0.28143167925382045,0.2739119020912453,0.2889705700446266,0.2831050196213475,0.04047611568309126,0.0,0.0
0.27834302294968,0.26593387969794824,0.2823529546962283,0.27817351213334224,0.04605599915289654,0.0,0.0
0.27434596670418576,0.2675295101331048,0.28198532383545266,0.2825571297088882,0.07710245550200476,0.0,0.0
0.28343028556208844,0.27869876896243795,0.2911765168485664,0.29205483728841436,0.07017247702427602,0.0,0.0
0.29215114869930325,0.2784327532732083,0.29080880227321343,0.28767121971286824,0.07729341660637866,0.0,0.0
0.2870639521873667,0.27665987886690235,0.295955899080481,0.29223745539552287,0.02234244921174598,0.0,0.0
0.29269625511569325,0.2832196066933141,0.2998161868118929,0.29406395678681135,0.0,0.0,0.0
0.29069768464085344,0.2793192424012954,0.29568017245188694,0.29168952989192987,0.06945255366078644,0.0,0.0
0.2890625200250705,0.280737567729038,0.29724266843884267,0.29406395678681135,0.026024179304074715,0.0,0.0
0.29433144410989664,0.27931926630512777,0.2966911967781291,0.2896804103935328,0.023049005297929397,0.0,0.0
0.288335751785506,0.27878733336155054,0.29595586696308623,0.2927853808991158,0.02284467691624933,0.0,0.0
0.2972383903721,0.28215586465340825,0.2969669282842217,0.29114156879720315,0.03762506639478898,0.0,0.0
0.28470205085493966,0.2777236409572433,0.2939338311282955,0.29260276279200725,0.03665689359561332,0.0,0.0
0.2877906641858745,0.27488696533600254,0.2893381920910393,0.2834702914266982,0.03758496456287046,0.0,0.0
0.28270347515197786,0.2765712333076342,0.29099263918625606,0.2893150674059147,0.07437362132050176,0.0,0.0
0.28706399265752974,0.27382329297771246,0.2801471028472362,0.27360734763295513,0.04991914229438048,0.0,0.0
0.2718022934531609,0.2583990795193605,0.2678308586772737,0.26173514197628006,0.08800442495071055,0.0,0.0
0.2616278839435184,0.24811630344741215,0.2606617516893737,0.25515982238636215,0.07575427010512505,0.0,0.0
0.2523618726482012,0.2466979718493716,0.2571690759942235,0.2580821747848366,0.09759067239028019,0.0,0.0
0.25853920779938,0.25875365313740445,0.26691174216343944,0.27196346434877505,0.05970589889354272,0.0,0.0
0.2694404284438628,0.25768994393329564,0.2736213477187919,0.2684931864467076,0.08797960000714194,0.0,0.0
0.2529069696056303,0.2422657667733331,0.23106615999833618,0.2246575445582531,0.39913162347397013,0.0,0.0
0.22819768289742276,0.21815444350030677,0.22702208125784185,0.22301373245634049,0.15228766151609557,0.0,0.0
0.21947677452347192,0.20698524828818027,0.21948533286085775,0.21260279197673698,0.1052405742314985,0.0,0.0
0.21021072640744232,0.19812073112571882,0.2084558596017525,0.20292235951670118,0.2243964841387229,0.0,0.0
0.1974927829106013,0.18553323406808797,0.19816179235133635,0.19744297991180354,0.11974597971973976,0.0,0.0
0.19622092577082523,0.18393760289453043,0.18740808938695502,0.18319636515581383,0.12838124085952737,0.0,0.0
0.17278344877662338,0.16629732929831537,0.17720590134843672,0.1715068665840816,0.1051030822363493,0.0,0.0
0.17441860974632667,0.16496764702123767,0.1744485216215117,0.16858447859447334,0.11991784471367627,0.0,0.0
0.16951309252540364,0.1583015778308262,0.16893384386107385,0.1647488755003546,0.07998214895596313,0.0,0.0
0.1595203523634418,0.15007535688084989,0.15900737003104687,0.16091325461066897,0.1810024827807985,0.0,0.0
0.15461485679658726,0.14706145683139932,0.15551473165946683,0.15470322462166863,0.1694187821894779,0.0,0.0
0.1546148327756573,0.1502526451749095,0.16084558987679226,0.16000000391502467,0.1171412702560798,0.0,0.0
0.16279071254997812,0.1595603356334926,0.1669117758789298,0.16840184269179798,0.12127939738786216,0.0,0.0
0.17823403962903378,0.17631418817554956,0.18409928975135192,0.1886758337385458,0.13540669988944304,0.0,0.0
0.19258723118205845,0.18003725683328708,0.19264708064579317,0.19068495323694284,0.09909735550379024,0.0,0.0
0.18404796206096458,0.17294565687746455,0.18749998956861885,0.183926944357649,0.07574472204990634,0.0,0.0
0.1782340360640181,0.17099550301260885,0.18363971679671415,0.18155253525833437,0.05570144453482209,0.0,0.0
0.18295785702048367,0.18198741538045748,0.19080883777906238,0.18739727564641706,0.06661105242770284,0.0,0.0
0.19004360392943265,0.18189877005215832,0.19209558141099686,0.18776256524733465,0.05351684950078471,0.0,0.0
0.18277620269377104,0.17427535996414972,0.18915444174677198,0.1875799471402262,0.032809027342479286,0.0,0.0
0.18713665634344434,0.1770233481861765,0.18860296814489136,0.18611875314542203,0.06110564378860338,0.0,0.0
0.18241280974860302,0.17790977636365424,0.18933825694460565,0.1917808398352625,0.03957859849253394,0.0,0.0
0.1914971657415665,0.19244752760742223,0.2000000745704611,0.2049315857884994,0.14576633980172699,0.0,0.0
0.20257998776213126,0.1910292089767413,0.2005515172363575,0.1939726664186024,0.1258395485603108,0.0,0.0
0.19095208949043152,0.1835653381638676,0.19779417077498224,0.1939726664186024,0.08471034590026082,0.0,0.0
0.1764171974589982,0.16798161267989176,0.18047798194963094,0.18045666645558156,0.08351683899792396,0.0,0.0
0.18132267956944015,0.16975447996200632,0.16801472264475437,0.1647488755003546,0.09907634978230911,0.0,0.0
0.16606108056038726,0.15769881959036303,0.1645220807146982,0.1578082485139522,0.07073199306009155,0.0,0.0
0.150072691688804,0.14475668084263954,0.1459559031894295,0.14575344254573552,0.11295731245924771,0.0,0.0
0.13335757763837475,0.1412109041898537,0.14099266425905735,0.1532420306268646,0.1092431189791754,0.0,0.0
0.15479652468400085,0.14333835943505696,0.1461397050896721,0.15068493223817392,0.10870651827588475,0.0,0.0
0.14843753405778398,0.14351568110120827,0.13869488333174435,0.1362557349662094,0.1705760064819837,0.0,0.0
0.13935326057273917,0.1284461147378545,0.13639711820666667,0.1351598839590235,0.11990638704741381,0.0,0.0
0.1266351557980807,0.11816325606597308,0.11976101204351786,0.11707761272221442,0.2248318754566954,0.0,0.0
0.10646799283002119,0.1032709717118645,0.10367645251406499,0.10100454996163674,0.18092036950591772,0.0,0.0
0.07485465660114983,0.07384097334581607,0.06341911979106096,0.05863013765912006,0.17075360030905143,0.0,0.0
0.06958576552687397,0.06160802499104684,0.06231619212728498,0.06904111372985725,0.17694646892389693,0.0,0.0
0.06086485370007465,0.058239530589438204,0.057720613960405814,0.06794522713153764,0.1594487029301167,0.0,0.0
0.051780532732901965,0.04263807149541693,0.038235293831825556,0.03707763300916067,0.22122271058402873,0.0,0.0
0.046875014503521675,0.042638085333774056,0.03676471920624408,0.04602741508509381,0.11885419136231366,0.0,0.0
0.026162803008270882,0.030582407305499992,0.02886030828134692,0.024474901537351018,0.11890766047153835,0.0,0.0
0.029433122231883116,0.02313622914825389,0.026654402315471046,0.027762543536743095,0.13316672613513725,0.0,0.0
0.018713667314825988,0.013030754404789471,0.0020220606154410237,0.004931507488005277,0.15649071542336504,0.0,0.0
0.004723848790431348,0.0036344360060573955,0.0007352998581765247,0.0063927014828093764,0.0970521620759458,0.0,0.0
0.010356107281190699,0.003989005501542575,0.004963234036193059,0.0,0.1692870190274599,0.0,0.0
0.0,0.0,0.0,0.0034703223909846037,0.11316927928510272,0.0,0.0
0.013444749742651613,0.027213883276346856,0.019117633032954162,0.03269405102474837,0.2683156285336755,0.0,0.0
0.04414969075093124,0.036255629876351364,0.034007345241461484,0.029406382332005987,0.22012277462283508,0.0,0.0
0.03215844421857837,0.025547395114616928,0.028860310237431852,0.024840200036052043,0.20670011859639384,0.0,0.0
0.018350304791839703,0.014980948166630925,0.0163603094937875,0.01954339404934574,0.17154417928115936,0.0,0.0
0.01907704506104932,0.0116124474620794,0.015441185106131919,0.010776265671654836,0.16276378770204758,0.0,0.0
0.011991282006787493,0.011967025624641428,0.016544125309738228,0.012420095569134301,0.21788280086852926,0.0,0.0
0.00835756418461199,0.01178974087817218,0.010110302875997984,0.014063934364397207,0.1787395936939678,0.0,0.0
0.014353185673526864,0.013119388980879929,0.013970581536199178,0.010958892676546775,0.1754073224226433,0.0,0.0
0.009992731322241488,0.00593918559846833,0.011397060964997888,0.00894976428036627,0.13099358876736228,0.0,0.0
0.01580669349159214,0.015867397970462396,0.020036777126667488,0.01954339404934574,0.16820045034357242,0.0,0.0
0.029796506155189292,0.03200070443965583,0.03308823574142797,0.028310504631469807,0.28555941625863845,0.0,0.0
0.03034156479244067,0.026859313063468282,0.03419117259653781,0.032511415122073006,0.12256265600925474,0.0,0.0
0.03906251107425153,0.036787534912625514,0.037867654528099176,0.03525114941343899,0.23309858166504138,0.0,0.0
0.035973834064671736,0.03200070369460062,0.03602940880169195,0.037808221108779294,0.16177651879243451,0.0,0.0
0.04305960506007232,0.043169947292390376,0.04522060250562529,0.040913253898846313,0.18235830662185318,0.0,0.0
0.03143168005559914,0.026150156701202215,0.034007353623321634,0.032511415122073006,0.14418327224646738,0.0,0.0
0.0310683042870767,0.025795574499852925,0.029963227203120335,0.027031955437124472,0.13121128442634852,0.0,0.0
0.03179506676481088,0.029695953850194273,0.038051482542381276,0.0385388270039648,0.17228892758821757,0.0,0.0
0.032158416251157104,0.0341104346384023,0.038602934514708725,0.03598171971749076,0.12033223031016761,0.0,0.0
0.02906975660173723,0.02561828244141387,0.03492646328507429,0.03360730172039264,0.09670652247702904,0.0,0.0
0.03869912660939813,0.03288715339225992,0.03988970373655443,0.037808221108779294,0.1401138911122596,0.0,0.0
0.043786321944061915,0.03785123872900936,0.03814337537760146,0.03305934952344941,0.37513927032043365,0.0,0.0
0.032521801966427136,0.02668202637516398,0.03409926519939274,0.030502286725892502,0.19477841685033145,0.0,0.0
0.031068319056892155,0.02739118701124263,0.03363970869627628,0.03452055241603694,0.16149962519109237,0.0,0.0
0.03724564213053104,0.03838311377581327,0.04080882745715517,0.04310502709548558,0.21264855699764074,0.0,0.0
0.04814679866510334,0.052300339106698374,0.054963234315559883,0.05826484805820245,0.2157287596111917,0.0,0.0
0.05650434980575207,0.04760215913479285,0.05330882920553545,0.04876711378532608,0.18401775861886233,0.0,0.0
0.04287792057256705,0.0394468686795654,0.04439339225211775,0.04036531059968648,0.152255198128352,0.0,0.0
0.03670057628598773,0.034660042998922974,0.040073530192942936,0.04237443009808356,0.11034687416245652,0.0,0.0
0.045784897595422466,0.04121976218880813,0.047058827556475225,0.04255708379632578,0.13456456141915416,0.0,0.0
0.04342296689888871,0.03536920796425494,0.044577213166046264,0.040730600200604095,0.09824184975619518,0.0,0.0
0.042514537200029,0.03661023134864344,0.04044118082030479,0.03671232561267623,0.18889872444665914,0.0,0.0
0.0388808157046817,0.03785125581609358,0.042647065988689586,0.047305937586088836,0.19505149122958612,0.0,0.0
0.04142444127791366,0.03483735115013836,0.04595590102575353,0.04182650459449058,0.1379178384119598,0.0,0.0
0.04196946325334637,0.035723769737310895,0.03878675490318195,0.03305934952344941,0.14412789352619892,0.0,0.0
0.03288517439567594,0.02473185115132176,0.03143382483792276,0.027397262833608937,0.14625901945101163,0.0,0.0
0.02252906646514513,0.0195018169992337,0.02242647612776845,0.02429223894132536,0.14902986507547689,0.0,0.0
0.02180232558084179,0.017462988687486858,0.02683823960323181,0.021552513547742805,0.1074404461538858,0.0,0.0
0.028524707393195806,0.03421681815431751,0.03400735500037039,0.04237443009808356,0.2257771329233462,0.0,0.0
0.04178779221266042,0.03989007182726581,0.0459558802754515,0.04127853460198047,0.18136339926806516,0.0,0.0
0.046511659138914016,0.04423368265624719,0.05321694398559046,0.05242012546568661,0.18052508001986375,0.0,0.0
0.05014533503673406,0.043524484094264765,0.05275733286054557,0.05114153178242417,0.15325201509318376,0.0,0.0
0.05087210713725891,0.042957193998686666,0.052573550676635133,0.049863027076996025,0.0634487365392711,0.0,0.0
0.0581395445313876,0.05398458408153681,0.06351104087432108,0.0599086957512488,0.14267658913295733,0.0,0.0
0.06577037075719479,0.0681677402027317,0.06920958844839392,0.07817354950403269,0.19627364229757907,0.0,0.0
0.0810319939991689,0.08376918889568108,0.07812501496181351,0.07305937052221828,0.2778312203646268,0.0,0.0
0.06867732663707903,0.062494469695986266,0.07003677762619281,0.068127863034213,0.13062312422487693,0.0,0.0
